0.0000000000;0.0000000000;0.2132196637;0.2401049959;0.0000000000;0.0000000000;0.0000000000;0.0000000000;0.0000000000;0.0000000000;-0.5528918730;0.2292889598;40.4467168514;3.0410227866
0.0000000000;0.0000000000;0.1915307170;0.1885451473;0.0000000000;0.0000000000;0.0000000000;0.0000000000;0.0000000000;0.0000000000;13.0280010029;-1.8054348722;47.5037225223;-2.2063648252
0.0000000000;0.0000000000;0.1872745792;0.1437838239;0.0000000000;0.0000000000;0.0000000000;0.0000000000;0.0000000000;0.0000000000;23.7617107128;1.0530728247;59.8064767519;-3.4961928684
0.0000000000;0.0000000000;0.1775446590;0.2184268174;0.0000000000;0.0000000000;0.0000000000;0.0000000000;0.0000000000;0.0000000000;33.5082836694;2.6479155172;72.9393321292;0.1037252446
0.0000000000;0.0000000000;0.2508641587;0.2049853164;0.0000000000;0.0000000000;0.0000000000;0.0000000000;0.0000000000;0.0000000000;46.9625812387;-1.1667756417;80.7277082230;2.1852388038
0.0000000000;0.0000000000;0.2138562502;0.2160539040;0.0000000000;0.0000000000;0.0000000000;0.0000000000;0.0000000000;0.0000000000;57.9713723509;-0.7520072862;96.4191699381;1.0900633122
0.0000000000;0.0000000000;0.1426894703;0.1886532606;0.0000000000;0.0000000000;0.0000000000;0.0000000000;0.0000000000;0.0000000000;70.0865628768;0.4609593208;107.6215350062;3.1184944760
0.0000000000;0.0000000000;0.1564331927;0.1459822122;0.0000000000;0.0000000000;0.0000000000;0.0000000000;0.0000000000;0.0000000000;84.5742691494;-2.6330424763;122.2096060946;1.2793612003
0.0000000000;0.0000000000;0.1606804603;0.1938527835;0.0000000000;0.0000000000;0.0000000000;0.0000000000;0.0000000000;0.0000000000;96.2466254011;1.4082623773;132.7024210239;-0.7460147280
0.0000000000;0.0000000000;0.2379720435;0.1944915956;0.0000000000;0.0000000000;0.0000000000;0.0000000000;0.0000000000;0.0000000000;110.0285023662;1.1142870010;141.3235835134;-5.2183411792
0.0000000000;0.0000000000;0.1719009048;0.1731275428;0.0000000000;0.0000000000;0.0000000000;0.0000000000;0.0000000000;0.0000000000;119.0787013953;-1.2416549872;157.2382611880;-1.3594301108
0.0000000000;0.0000000000;0.1964025867;0.2500681984;0.0000000000;0.0000000000;0.0000000000;0.0000000000;0.0000000000;0.0000000000;132.1150292270;-3.9891327380;166.2691677285;-4.9716773033
0.0000000000;0.0000000000;0.2207560726;0.1875077563;0.0000000000;0.0000000000;0.0000000000;0.0000000000;0.0000000000;0.0000000000;146.7661758367;-3.2591697325;175.8246461238;0.7677932895
0.0000000000;0.0000000000;0.1705631710;0.2041855051;0.0000000000;0.0000000000;0.0000000000;0.0000000000;0.0000000000;0.0000000000;157.2292567228;-0.2548784569;192.8005883048;-0.8352043548
0.0000000000;0.0000000000;0.2289142190;0.1742367789;0.0000000000;0.0000000000;0.0000000000;0.0000000000;0.0000000000;0.0000000000;170.2056054962;2.8729598550;203.0966855731;-0.9962875908
0.0000000000;0.0000000000;0.1730403414;0.2102823332;0.0000000000;0.0000000000;0.0000000000;0.0000000000;0.0000000000;0.0000000000;180.7995845842;-1.4692290708;215.5920815835;-2.8285333647
0.0000000000;0.0000000000;0.1846679167;0.1422216024;0.0000000000;0.0000000000;0.0000000000;0.0000000000;0.0000000000;0.0000000000;191.0862342391;-1.7090536420;227.4866591349;-1.5621367485
0.0000000000;0.0000000000;0.1594260929;0.2388990330;0.0000000000;0.0000000000;0.0000000000;0.0000000000;0.0000000000;0.0000000000;205.5652404863;-2.0904418500;237.2753266210;-6.4673604231
0.0000000000;0.0000000000;0.1688202549;0.2121291124;0.0000000000;0.0000000000;0.0000000000;0.0000000000;0.0000000000;0.0000000000;217.3406580513;3.0669964743;252.5824140297;-5.2094135548
0.0000000000;0.0000000000;0.1523457328;0.2307763350;0.0000000000;0.0000000000;0.0000000000;0.0000000000;0.0000000000;0.0000000000;224.5357966441;-4.4553430375;261.5302019430;-9.7992876295
0.0000000000;0.0000000000;0.1517766623;0.1672163871;0.0000000000;0.0000000000;0.0000000000;0.0000000000;0.0000000000;0.0000000000;236.9127512893;-5.8919135872;269.6149310481;-15.6622535526
0.0000000000;0.0000000000;0.1154355770;0.1771016155;0.0000000000;0.0000000000;0.0000000000;0.0000000000;0.0000000000;0.0000000000;247.4015517578;-7.4571204818;279.8064055765;-25.4615054049
0.0000000000;0.0000000000;0.1370981181;0.2316059935;0.0000000000;0.0000000000;0.0000000000;0.0000000000;0.0000000000;0.0000000000;254.9940077352;-14.6143861489;283.9737569259;-29.0389176214
0.0000000000;0.0000000000;0.0847939474;0.2148347600;0.0000000000;0.0000000000;0.0000000000;0.0000000000;0.0000000000;0.0000000000;260.5900027001;-23.7845437437;289.4608268869;-45.2507916905
0.0000000000;0.0000000000;0.1065153906;0.1969888870;0.0000000000;0.0000000000;0.0000000000;0.0000000000;0.0000000000;0.0000000000;267.9426008469;-29.4516881563;288.3463548163;-56.8139118477
0.0000000000;0.0000000000;0.1293844835;0.1843375071;0.0000000000;0.0000000000;0.0000000000;0.0000000000;0.0000000000;0.0000000000;272.7508878360;-37.0998583604;289.9196902962;-66.9347583696
0.0000000000;0.0000000000;0.0943683940;0.2267169588;0.0000000000;0.0000000000;0.0000000000;0.0000000000;0.0000000000;0.0000000000;275.5684607243;-40.0211222998;285.7301743600;-74.4931754499
0.0000000000;0.0000000000;0.0979202947;0.1941508589;0.0000000000;0.0000000000;0.0000000000;0.0000000000;0.0000000000;0.0000000000;277.8211390962;-52.1926701236;280.2399003062;-86.1470111084
0.0000000000;0.0000000000;0.0851285186;0.1887090438;0.0000000000;0.0000000000;0.0000000000;0.0000000000;0.0000000000;0.0000000000;275.8365178882;-60.9419529285;273.3697886812;-96.0055315951
0.0000000000;0.0000000000;0.0975719788;0.2172044386;0.0000000000;0.0000000000;0.0000000000;0.0000000000;0.0000000000;0.0000000000;275.5723096964;-67.4550557379;264.1620053559;-104.6935717460
0.0000000000;0.0000000000;0.1094639818;0.1944540588;0.0000000000;0.0000000000;0.0000000000;0.0000000000;0.0000000000;0.0000000000;271.1052168535;-78.3562559001;256.0810331769;-112.7066133475
0.0000000000;0.0000000000;0.1271117363;0.1748785728;0.0000000000;0.0000000000;0.0000000000;0.0000000000;0.0000000000;0.0000000000;264.2836093240;-84.7782629654;245.0229333524;-112.4470555022
0.0000000000;0.0000000000;0.1455552223;0.1133539980;0.0000000000;0.0000000000;0.0000000000;0.0000000000;0.0000000000;0.0000000000;262.0330828496;-96.4343555401;239.7223648560;-117.4171489160
0.0000000000;0.0000000000;0.1878440804;0.1670910412;0.0000000000;0.0000000000;0.0000000000;0.0000000000;0.0000000000;0.0000000000;256.3761140825;-103.0242324145;228.9887857625;-123.1509478168
0.0000000000;0.0000000000;0.1253999415;0.1438782930;0.0000000000;0.0000000000;0.0000000000;0.0000000000;0.0000000000;0.0000000000;244.8604048726;-108.1482593416;223.7068332126;-131.4164651884
0.0000000000;0.0000000000;0.1873322766;0.1639325151;0.0000000000;0.0000000000;0.0000000000;0.0000000000;0.0000000000;0.0000000000;245.1255817510;-113.9734376378;219.3101035399;-138.5281630593
0.0000000000;0.0000000000;0.1225992266;0.1622133251;0.0000000000;0.0000000000;0.0000000000;0.0000000000;0.0000000000;0.0000000000;235.6181628250;-119.8812857674;212.9037723416;-142.4615975101
0.0000000000;0.0000000000;0.1275026260;0.1587844850;0.0000000000;0.0000000000;0.0000000000;0.0000000000;0.0000000000;0.0000000000;231.3301887292;-125.8242462141;206.8386607472;-149.8621221947
0.0000000000;0.0000000000;0.1531504862;0.1944183468;0.0000000000;0.0000000000;0.0000000000;0.0000000000;0.0000000000;0.0000000000;225.6904643263;-135.0157395162;203.1851677758;-161.1229384639
0.0000000000;0.0000000000;0.1562437153;0.1556408966;0.0000000000;0.0000000000;0.0000000000;0.0000000000;0.0000000000;0.0000000000;218.8130478624;-138.3221322600;195.2713169834;-161.7912999962
0.0000000000;0.0000000000;0.1989653997;0.1839828002;0.0000000000;0.0000000000;0.0000000000;0.0000000000;0.0000000000;0.0000000000;215.0884694091;-145.7780743471;189.5288041186;-172.4436797740
0.0000000000;0.0000000000;0.1430213204;0.1706735575;0.0000000000;0.0000000000;0.0000000000;0.0000000000;0.0000000000;0.0000000000;207.7672072236;-154.3160154835;185.1806024690;-180.5472528085
0.0000000000;0.0000000000;0.1437170935;0.1201136737;0.0000000000;0.0000000000;0.0000000000;0.0000000000;0.0000000000;0.0000000000;200.0725519432;-161.1507955564;175.9765538363;-184.9997150204
0.0000000000;0.0000000000;0.1145146320;0.1483755066;0.0000000000;0.0000000000;0.0000000000;0.0000000000;0.0000000000;0.0000000000;198.0293189130;-165.6990031457;172.6757545736;-195.2549778024
0.0000000000;0.0000000000;0.1758976427;0.1464604426;0.0000000000;0.0000000000;0.0000000000;0.0000000000;0.0000000000;0.0000000000;186.8852642200;-171.9932417201;168.4052281162;-201.1162440222
0.0000000000;0.0000000000;0.1045343051;0.1034859030;0.0000000000;0.0000000000;0.0000000000;0.0000000000;0.0000000000;0.0000000000;182.9641651142;-176.7589110828;158.4857116123;-206.8390733817
0.0000000000;0.0000000000;0.1574628796;0.1116484534;0.0000000000;0.0000000000;0.0000000000;0.0000000000;0.0000000000;0.0000000000;177.4251260613;-184.9082132724;151.7406362203;-210.1686518289
0.0000000000;0.0000000000;0.1121968334;0.1465805061;0.0000000000;0.0000000000;0.0000000000;0.0000000000;0.0000000000;0.0000000000;170.7298813478;-190.1924549840;148.1294446725;-223.4715490180
0.0000000000;0.0000000000;0.1628059976;0.1900089318;0.0000000000;0.0000000000;0.0000000000;0.0000000000;0.0000000000;0.0000000000;165.3157715367;-199.7474144999;140.7605774823;-227.0312715167
0.0000000000;0.0000000000;0.1761422996;0.1272154563;0.0000000000;0.0000000000;0.0000000000;0.0000000000;0.0000000000;0.0000000000;158.9625303210;-204.3986579868;136.4153239899;-233.0162734457
0.0000000000;0.0000000000;0.1297871931;0.1598916354;0.0000000000;0.0000000000;0.0000000000;0.0000000000;0.0000000000;0.0000000000;154.2055854280;-209.7882424400;131.6349383448;-239.2858721470
0.0000000000;0.0000000000;0.1495975698;0.1610248843;0.0000000000;0.0000000000;0.0000000000;0.0000000000;0.0000000000;0.0000000000;145.1897427902;-221.2408556269;121.4064963511;-247.6024972612
0.0000000000;0.0000000000;0.1740538177;0.1727030449;0.0000000000;0.0000000000;0.0000000000;0.0000000000;0.0000000000;0.0000000000;143.9343663608;-225.3176604842;119.6072616474;-257.2384622474
0.0000000000;0.0000000000;0.0908478315;0.1515042998;0.0000000000;0.0000000000;0.0000000000;0.0000000000;0.0000000000;0.0000000000;137.5857082814;-234.5754950607;113.2457584254;-258.3308551362
0.0000000000;0.0000000000;0.1219663139;0.1399373579;0.0000000000;0.0000000000;0.0000000000;0.0000000000;0.0000000000;0.0000000000;128.5540338622;-240.3810937943;105.4548841929;-267.3433242595
0.0000000000;0.0000000000;0.1172030361;0.1600058463;0.0000000000;0.0000000000;0.0000000000;0.0000000000;0.0000000000;0.0000000000;123.0648755356;-247.1030400401;98.4458766275;-274.0801816482
0.0000000000;0.0000000000;0.1333492934;0.1381015492;0.0000000000;0.0000000000;0.0000000000;0.0000000000;0.0000000000;0.0000000000;117.9781553645;-251.3449367995;91.9240032259;-277.2583808886
0.0000000000;0.0000000000;0.1217050969;0.1593074916;0.0000000000;0.0000000000;0.0000000000;0.0000000000;0.0000000000;0.0000000000;110.4052309609;-257.2240781130;80.7064436310;-281.1145128688
0.0000000000;0.0000000000;0.0985666870;0.1647461699;0.0000000000;0.0000000000;0.0000000000;0.0000000000;0.0000000000;0.0000000000;109.2421889047;-264.4319130509;80.3678556554;-282.2367636402
0.0000000000;0.0000000000;0.1227175514;0.1340312605;0.0000000000;0.0000000000;0.0000000000;0.0000000000;0.0000000000;0.0000000000;92.9153508163;-271.5822250572;69.3836753239;-289.6511277233
0.0000000000;0.0000000000;0.1231277452;0.1380683927;0.0000000000;0.0000000000;0.0000000000;0.0000000000;0.0000000000;0.0000000000;91.9021130871;-272.8174726963;68.0682339322;-294.8195149205
0.0000000000;0.0000000000;0.1102978400;0.1295958603;0.0000000000;0.0000000000;0.0000000000;0.0000000000;0.0000000000;0.0000000000;84.5105967177;-279.8634798413;58.9833083004;-297.1413562839
0.0000000000;0.0000000000;0.1046094508;0.1523558825;0.0000000000;0.0000000000;0.0000000000;0.0000000000;0.0000000000;0.0000000000;77.4204751546;-281.0687734015;46.7846193755;-297.6289186550
0.0000000000;0.0000000000;0.1098947229;0.1519661776;0.0000000000;0.0000000000;0.0000000000;0.0000000000;0.0000000000;0.0000000000;74.2986381407;-285.8424134533;43.7272292623;-298.6451838241
0.0000000000;0.0000000000;0.0996322458;0.1172534530;0.0000000000;0.0000000000;0.0000000000;0.0000000000;0.0000000000;0.0000000000;61.8205713114;-289.9774209407;30.0832215900;-300.4815283639
0.0000000000;0.0000000000;0.1235628760;0.1834220975;0.0000000000;0.0000000000;0.0000000000;0.0000000000;0.0000000000;0.0000000000;56.2447968537;-293.4757913587;21.9975472821;-301.9842735867
0.0000000000;0.0000000000;0.1576703686;0.1594591682;0.0000000000;0.0000000000;0.0000000000;0.0000000000;0.0000000000;0.0000000000;45.9912459280;-292.9134065611;10.5420818429;-300.1172880654
0.0000000000;0.0000000000;0.1488844292;0.2094164005;0.0000000000;0.0000000000;0.0000000000;0.0000000000;0.0000000000;0.0000000000;37.5313302683;-295.5718360203;4.0134790279;-305.7732848388
0.0000000000;0.0000000000;0.0988233968;0.1291766765;0.0000000000;0.0000000000;0.0000000000;0.0000000000;0.0000000000;0.0000000000;30.5360051673;-295.1895888903;-2.9441154001;-308.1282733226
0.0000000000;0.0000000000;0.1588358209;0.1760993048;0.0000000000;0.0000000000;0.0000000000;0.0000000000;0.0000000000;0.0000000000;20.7946095718;-300.1246690903;-11.6869809725;-306.4785247298
0.0000000000;0.0000000000;0.1266637230;0.1257752732;0.0000000000;0.0000000000;0.0000000000;0.0000000000;0.0000000000;0.0000000000;15.6213059748;-299.7257394400;-22.4124800884;-306.5593072949
0.0000000000;0.0000000000;0.1287249667;0.1422046724;0.0000000000;0.0000000000;0.0000000000;0.0000000000;0.0000000000;0.0000000000;8.4496972933;-304.8633317659;-31.3196432002;-308.0124406598
0.0000000000;0.0000000000;0.1658052055;0.1793120636;0.0000000000;0.0000000000;0.0000000000;0.0000000000;0.0000000000;0.0000000000;-4.9520596142;-302.8683712275;-38.0789893765;-305.8987035653
0.0000000000;0.0000000000;0.1051217466;0.0884859509;0.0000000000;0.0000000000;0.0000000000;0.0000000000;0.0000000000;0.0000000000;-13.2175878026;-300.7570603072;-47.0511314235;-309.5544123007
0.0000000000;0.0000000000;0.1344310261;0.1632708930;0.0000000000;0.0000000000;0.0000000000;0.0000000000;0.0000000000;0.0000000000;-23.4895600142;-304.0232535408;-57.7290293253;-308.9200738185
0.0000000000;0.0000000000;0.1502446892;0.1279718287;0.0000000000;0.0000000000;0.0000000000;0.0000000000;0.0000000000;0.0000000000;-31.5181875005;-307.4635627166;-63.8830389600;-309.6857194535
0.0000000000;0.0000000000;0.1802630895;0.1214800648;0.0000000000;0.0000000000;0.0000000000;0.0000000000;0.0000000000;0.0000000000;-40.5678620757;-306.2015234215;-76.9754598708;-306.8376713947
0.0000000000;0.0000000000;0.1495722658;0.1940723796;0.0000000000;0.0000000000;0.0000000000;0.0000000000;0.0000000000;0.0000000000;-49.3684614581;-305.5079402479;-82.9573437415;-312.0047302828
0.0000000000;0.0000000000;0.1772926702;0.1862784260;0.0000000000;0.0000000000;0.0000000000;0.0000000000;0.0000000000;0.0000000000;-56.5145830531;-307.3561773135;-92.6298585026;-312.1601656067
0.0000000000;0.0000000000;0.1760096465;0.1681631171;0.0000000000;0.0000000000;0.0000000000;0.0000000000;0.0000000000;0.0000000000;-67.5414195279;-309.4290017571;-100.1788270026;-316.6435407154
0.0000000000;0.0000000000;0.1262896578;0.1475438457;0.0000000000;0.0000000000;0.0000000000;0.0000000000;0.0000000000;0.0000000000;-75.3149012522;-310.2243205434;-111.9081600394;-313.4900103531
0.0000000000;0.0000000000;0.1725306019;0.1535298683;0.0000000000;0.0000000000;0.0000000000;0.0000000000;0.0000000000;0.0000000000;-83.5253743409;-312.2725299401;-118.7378426697;-314.2485237726
0.0000000000;0.0000000000;0.1172248884;0.1753839247;0.0000000000;0.0000000000;0.0000000000;0.0000000000;0.0000000000;0.0000000000;-90.9389974704;-315.1985095741;-126.5207918231;-317.7696716675
0.0000000000;0.0000000000;0.1723855890;0.1497404017;0.0000000000;0.0000000000;0.0000000000;0.0000000000;0.0000000000;0.0000000000;-100.3990601964;-314.4895719562;-137.7903676582;-315.2211832899
0.0000000000;0.0000000000;0.1243723248;0.1618533693;0.0000000000;0.0000000000;0.0000000000;0.0000000000;0.0000000000;0.0000000000;-108.5351513838;-315.0071771558;-145.3146337331;-314.5495420594
0.0000000000;0.0000000000;0.1387408111;0.1431353709;0.0000000000;0.0000000000;0.0000000000;0.0000000000;0.0000000000;0.0000000000;-116.4539437205;-314.5081347739;-158.3015441347;-313.4399786850
0.0000000000;0.0000000000;0.1482411021;0.1250300383;0.0000000000;0.0000000000;0.0000000000;0.0000000000;0.0000000000;0.0000000000;-127.8993347950;-311.8561033430;-165.7793097202;-315.3646189301
0.0000000000;0.0000000000;0.1539469602;0.1583187613;0.0000000000;0.0000000000;0.0000000000;0.0000000000;0.0000000000;0.0000000000;-135.6332256666;-314.8909467838;-173.8122110286;-312.9332237351
0.0000000000;0.0000000000;0.1880069543;0.1213573104;0.0000000000;0.0000000000;0.0000000000;0.0000000000;0.0000000000;0.0000000000;-144.6854472423;-312.5384262842;-178.9944763850;-310.5953369058
0.0000000000;0.0000000000;0.1761972990;0.1393377407;0.0000000000;0.0000000000;0.0000000000;0.0000000000;0.0000000000;0.0000000000;-152.3984070541;-312.8034962317;-188.3089296828;-308.8419682783
0.0000000000;0.0000000000;0.1367969498;0.1770385613;0.0000000000;0.0000000000;0.0000000000;0.0000000000;0.0000000000;0.0000000000;-165.5670096017;-314.4135954067;-200.9408251692;-312.6648447335
0.0000000000;0.0000000000;0.1212742206;0.1592129473;0.0000000000;0.0000000000;0.0000000000;0.0000000000;0.0000000000;0.0000000000;-167.5265187176;-310.6057262918;-207.3761792142;-308.4047493000
0.0000000000;0.0000000000;0.1454219586;0.1711207450;0.0000000000;0.0000000000;0.0000000000;0.0000000000;0.0000000000;0.0000000000;-180.2852187002;-307.6040234257;-214.1518487206;-303.1126441148
0.0000000000;0.0000000000;0.1441433721;0.1770200578;0.0000000000;0.0000000000;0.0000000000;0.0000000000;0.0000000000;0.0000000000;-188.0495367337;-311.7050594984;-220.3163150342;-302.0878381796
0.0000000000;0.0000000000;0.1282995505;0.1508260480;0.0000000000;0.0000000000;0.0000000000;0.0000000000;0.0000000000;0.0000000000;-195.8411885269;-309.9894161541;-232.4320628675;-303.4395307341
0.0000000000;0.0000000000;0.1387395395;0.1527679683;0.0000000000;0.0000000000;0.0000000000;0.0000000000;0.0000000000;0.0000000000;-202.5425895218;-308.7803001766;-237.7482908252;-298.4088448548
0.0000000000;0.0000000000;0.1464545376;0.1629552993;0.0000000000;0.0000000000;0.0000000000;0.0000000000;0.0000000000;0.0000000000;-215.7658628966;-303.9000553530;-248.4030889291;-299.1730310061
0.0000000000;0.0000000000;0.1545281400;0.1643925115;0.0000000000;0.0000000000;0.0000000000;0.0000000000;0.0000000000;0.0000000000;-217.5604676693;-303.2282709425;-260.0678827335;-298.9541245300
0.0000000000;0.0000000000;0.1132428989;0.1217735089;0.0000000000;0.0000000000;0.0000000000;0.0000000000;0.0000000000;0.0000000000;-231.3179898536;-299.7675540181;-266.4142492241;-294.6338248397
0.0000000000;0.0000000000;0.1490140092;0.1135482881;0.0000000000;0.0000000000;0.0000000000;0.0000000000;0.0000000000;0.0000000000;-238.4356023390;-300.2190884906;-273.4779817091;-291.2880043775
0.0000000000;0.0000000000;0.1846765800;0.1635772395;0.0000000000;0.0000000000;0.0000000000;0.0000000000;0.0000000000;0.0000000000;-246.1746046501;-294.9183473294;-280.6382439573;-287.1264504944
0.0000000000;0.0000000000;0.1045550272;0.2001692619;0.0000000000;0.0000000000;0.0000000000;0.0000000000;0.0000000000;0.0000000000;-256.3797070658;-292.0092172477;-290.2931418669;-283.0853943662
0.0000000000;0.0000000000;0.1703794578;0.1402291779;0.0000000000;0.0000000000;0.0000000000;0.0000000000;0.0000000000;0.0000000000;-261.8864763516;-293.1690634488;-298.4116611136;-282.0699157199
0.0000000000;0.0000000000;0.0902803885;0.1651608677;0.0000000000;0.0000000000;0.0000000000;0.0000000000;0.0000000000;0.0000000000;-270.1335801677;-292.6206492870;-310.0806865875;-277.8976159731
0.0000000000;0.0000000000;0.1750938097;0.1792830702;0.0000000000;0.0000000000;0.0000000000;0.0000000000;0.0000000000;0.0000000000;-277.3409862480;-289.1699590204;-311.9389761301;-274.7824166201
0.0000000000;0.0000000000;0.1638410259;0.0933876920;0.0000000000;0.0000000000;0.0000000000;0.0000000000;0.0000000000;0.0000000000;-290.4123383532;-285.7069087682;-325.0858108818;-270.5438533623
0.0000000000;0.0000000000;0.1095824767;0.1796043577;0.0000000000;0.0000000000;0.0000000000;0.0000000000;0.0000000000;0.0000000000;-292.5449890970;-280.9888325754;-329.8544631931;-264.9308085016
0.0000000000;0.0000000000;0.1221689203;0.1861001155;0.0000000000;0.0000000000;0.0000000000;0.0000000000;0.0000000000;0.0000000000;-300.5383738617;-275.3766916682;-339.9120269201;-264.8009059344
0.0000000000;0.0000000000;0.1275864861;0.1332183307;0.0000000000;0.0000000000;0.0000000000;0.0000000000;0.0000000000;0.0000000000;-308.2930814127;-275.8391740182;-338.7516535457;-263.0709078649
0.0000000000;0.0000000000;0.1319652364;0.1437766458;0.0000000000;0.0000000000;0.0000000000;0.0000000000;0.0000000000;0.0000000000;-319.4519152052;-268.1962589630;-354.0551331713;-252.2941834686
0.0000000000;0.0000000000;0.1220243185;0.1113026736;0.0000000000;0.0000000000;0.0000000000;0.0000000000;0.0000000000;0.0000000000;-324.7205132247;-263.2601858431;-361.7877972807;-245.5040763386
0.0000000000;0.0000000000;0.1408918827;0.1459028781;0.0000000000;0.0000000000;0.0000000000;0.0000000000;0.0000000000;0.0000000000;-334.4827977300;-260.7024524259;-362.4241272390;-243.7011585287
0.0000000000;0.0000000000;0.1339436840;0.1530996554;0.0000000000;0.0000000000;0.0000000000;0.0000000000;0.0000000000;0.0000000000;-345.9011576595;-256.0367189721;-373.1920769730;-237.8783931539
0.0000000000;0.0000000000;0.1610817791;0.1639699316;0.0000000000;0.0000000000;0.0000000000;0.0000000000;0.0000000000;0.0000000000;-352.0947823264;-251.3075230946;-380.2451745310;-234.8532568807
0.0000000000;0.0000000000;0.1229137867;0.1493842990;0.0000000000;0.0000000000;0.0000000000;0.0000000000;0.0000000000;0.0000000000;-357.1927606291;-248.5726387801;-384.6687203860;-227.8840086851
0.0000000000;0.0000000000;0.1247458822;0.1431289659;0.0000000000;0.0000000000;0.0000000000;0.0000000000;0.0000000000;0.0000000000;-370.6331718903;-242.7590235829;-397.0157894789;-223.0616905793
0.0000000000;0.0000000000;0.1564369471;0.1161441930;0.0000000000;0.0000000000;0.0000000000;0.0000000000;0.0000000000;0.0000000000;-373.8743454439;-237.5664485290;-403.8151137989;-218.2387775118
0.0000000000;0.0000000000;0.1414362872;0.1772332934;0.0000000000;0.0000000000;0.0000000000;0.0000000000;0.0000000000;0.0000000000;-379.0319053912;-230.9037662548;-409.8996294476;-211.6160481781
0.0000000000;0.0000000000;0.1639513319;0.1739997372;0.0000000000;0.0000000000;0.0000000000;0.0000000000;0.0000000000;0.0000000000;-385.4496601202;-222.9343244483;-418.1717218921;-208.5243560712
0.0000000000;0.0000000000;0.1304776053;0.1566013202;0.0000000000;0.0000000000;0.0000000000;0.0000000000;0.0000000000;0.0000000000;-392.6675100135;-225.7873441364;-421.9666441556;-199.3007751764
0.0000000000;0.0000000000;0.1328292496;0.1272717035;0.0000000000;0.0000000000;0.0000000000;0.0000000000;0.0000000000;0.0000000000;-404.5210492666;-219.3135322140;-427.8967970536;-192.4689186801
0.0000000000;0.0000000000;0.1453941598;0.1782252674;0.0000000000;0.0000000000;0.0000000000;0.0000000000;0.0000000000;0.0000000000;-408.4049368231;-214.9843973052;-433.1865228609;-188.2148618500
0.0000000000;0.0000000000;0.1348509002;0.1373626186;0.0000000000;0.0000000000;0.0000000000;0.0000000000;0.0000000000;0.0000000000;-413.6603910808;-207.9896648425;-442.2671531526;-183.3316331048
0.0000000000;0.0000000000;0.1691352122;0.1372467761;0.0000000000;0.0000000000;0.0000000000;0.0000000000;0.0000000000;0.0000000000;-419.8285408052;-199.5124408173;-442.6076342269;-177.1748262833
0.0000000000;0.0000000000;0.1123580028;0.1433745290;0.0000000000;0.0000000000;0.0000000000;0.0000000000;0.0000000000;0.0000000000;-425.7322980890;-195.7202931999;-454.3091877060;-168.6814931915
0.0000000000;0.0000000000;0.0858221448;0.1189558283;0.0000000000;0.0000000000;0.0000000000;0.0000000000;0.0000000000;0.0000000000;-429.5732513522;-186.0327919775;-457.2133527886;-167.1039855665
0.0000000000;0.0000000000;0.1880253909;0.1408818091;0.0000000000;0.0000000000;0.0000000000;0.0000000000;0.0000000000;0.0000000000;-437.4222357618;-183.9709763364;-465.3006409825;-157.4695545491
0.0000000000;0.0000000000;0.1193461231;0.1431395409;0.0000000000;0.0000000000;0.0000000000;0.0000000000;0.0000000000;0.0000000000;-441.0700646804;-174.2874183583;-468.9034883476;-146.8949397666
0.0000000000;0.0000000000;0.1410076780;0.1287309210;0.0000000000;0.0000000000;0.0000000000;0.0000000000;0.0000000000;0.0000000000;-450.7455351418;-172.1699449308;-473.6730782812;-143.4550356831
0.0000000000;0.0000000000;0.1546313593;0.1786452920;0.0000000000;0.0000000000;0.0000000000;0.0000000000;0.0000000000;0.0000000000;-457.8499573291;-160.4381752525;-477.9123881916;-134.2502035200
0.0000000000;0.0000000000;0.1319424719;0.1697409974;0.0000000000;0.0000000000;0.0000000000;0.0000000000;0.0000000000;0.0000000000;-465.2609615581;-155.3279565644;-483.5428543349;-126.9308953698
0.0000000000;0.0000000000;0.1277327295;0.1264126083;0.0000000000;0.0000000000;0.0000000000;0.0000000000;0.0000000000;0.0000000000;-466.1987557433;-148.4418114841;-488.5229543394;-123.4903465408
0.0000000000;0.0000000000;0.1482893596;0.1687304840;0.0000000000;0.0000000000;0.0000000000;0.0000000000;0.0000000000;0.0000000000;-471.7115473851;-147.9777119870;-496.8293819792;-111.3609039698
0.0000000000;0.0000000000;0.1046466013;0.1751109311;0.0000000000;0.0000000000;0.0000000000;0.0000000000;0.0000000000;0.0000000000;-479.8481672421;-140.8032548888;-499.2630922629;-107.2848229189
0.0000000000;0.0000000000;0.1213726984;0.1343435343;0.0000000000;0.0000000000;0.0000000000;0.0000000000;0.0000000000;0.0000000000;-485.1656438460;-132.5510317559;-506.9804946655;-98.5905025478
0.0000000000;0.0000000000;0.1633969074;0.1549424733;0.0000000000;0.0000000000;0.0000000000;0.0000000000;0.0000000000;0.0000000000;-487.3285034243;-122.1137946836;-509.1171797949;-94.7074067903
0.0000000000;0.0000000000;0.1363529557;0.1357426825;0.0000000000;0.0000000000;0.0000000000;0.0000000000;0.0000000000;0.0000000000;-493.8763803710;-118.2228742112;-514.3480553142;-86.5114084019
0.0000000000;0.0000000000;0.1383678472;0.1575456190;0.0000000000;0.0000000000;0.0000000000;0.0000000000;0.0000000000;0.0000000000;-498.8957924430;-109.3151397184;-518.7181763634;-81.1046911144
0.0000000000;0.0000000000;0.1195246882;0.1807414955;0.0000000000;0.0000000000;0.0000000000;0.0000000000;0.0000000000;0.0000000000;-507.2533874604;-100.5361765838;-519.4263915198;-70.5158047180
0.0000000000;0.0000000000;0.1419907071;0.1437826072;0.0000000000;0.0000000000;0.0000000000;0.0000000000;0.0000000000;0.0000000000;-506.4641842618;-89.9690450635;-527.2817594343;-58.3660694697
0.0000000000;0.0000000000;0.1406226872;0.1827464652;0.0000000000;0.0000000000;0.0000000000;0.0000000000;0.0000000000;0.0000000000;-512.6556290296;-87.0360768468;-528.8046572166;-53.7434767837
0.0000000000;0.0000000000;0.1368180757;0.1565216098;0.0000000000;0.0000000000;0.0000000000;0.0000000000;0.0000000000;0.0000000000;-512.7181363125;-75.0983990312;-530.4705510544;-45.0438678079
0.0000000000;0.0000000000;0.1174203439;0.1534889132;0.0000000000;0.0000000000;0.0000000000;0.0000000000;0.0000000000;0.0000000000;-519.9676856568;-68.3907843372;-531.8315896652;-40.0284967298
0.0000000000;0.0000000000;0.1011438246;0.1362407028;0.0000000000;0.0000000000;0.0000000000;0.0000000000;0.0000000000;0.0000000000;-519.7706916921;-61.1819919156;-531.0018227563;-26.6306989318
0.0000000000;0.0000000000;0.0844306393;0.1550938044;0.0000000000;0.0000000000;0.0000000000;0.0000000000;0.0000000000;0.0000000000;-520.4752365321;-55.0792412567;-530.3439245515;-22.3105481618
0.0000000000;0.0000000000;0.0708108085;0.1680906548;0.0000000000;0.0000000000;0.0000000000;0.0000000000;0.0000000000;0.0000000000;-521.9622295743;-50.6368584820;-526.5475264467;-13.0228298155
0.0000000000;0.0000000000;0.0632171701;0.1479810819;0.0000000000;0.0000000000;0.0000000000;0.0000000000;0.0000000000;0.0000000000;-524.9615692032;-39.2574893552;-517.5173300538;-3.8267672986
0.0000000000;0.0000000000;0.0743864911;0.1083157615;0.0000000000;0.0000000000;0.0000000000;0.0000000000;0.0000000000;0.0000000000;-522.1983057371;-35.7067138283;-512.1964076160;0.9190498055
0.0000000000;0.0000000000;0.0834279839;0.1789141559;0.0000000000;0.0000000000;0.0000000000;0.0000000000;0.0000000000;0.0000000000;-521.1302646810;-23.9935358803;-512.0990084365;5.4293568383
0.0000000000;0.0000000000;0.0833236901;0.1146630049;0.0000000000;0.0000000000;0.0000000000;0.0000000000;0.0000000000;0.0000000000;-517.7460310792;-20.2379457845;-500.2537514911;8.2533347730
0.0000000000;0.0000000000;0.0578356829;0.1821704698;0.0000000000;0.0000000000;0.0000000000;0.0000000000;0.0000000000;0.0000000000;-513.9924879853;-19.2504176762;-492.9058116946;14.6668166106
0.0000000000;0.0000000000;0.0881401279;0.1770848191;0.0000000000;0.0000000000;0.0000000000;0.0000000000;0.0000000000;0.0000000000;-508.1766322941;-11.2010328918;-489.4560482332;12.3769477535
0.0000000000;0.0000000000;0.0936012678;0.1956499822;0.0000000000;0.0000000000;0.0000000000;0.0000000000;0.0000000000;0.0000000000;-504.1982962532;-4.2437355481;-479.7634499445;17.7033772891
0.0000000000;0.0000000000;0.0854618389;0.1440005181;0.0000000000;0.0000000000;0.0000000000;0.0000000000;0.0000000000;0.0000000000;-501.2172145973;3.6145863086;-471.7591499413;18.8461106105
0.0000000000;0.0000000000;0.0766265996;0.1647933171;0.0000000000;0.0000000000;0.0000000000;0.0000000000;0.0000000000;0.0000000000;-487.8265865137;0.9400918311;-461.0930564921;20.3087023413
0.0000000000;0.0000000000;0.0621220797;0.1881221619;0.0000000000;0.0000000000;0.0000000000;0.0000000000;0.0000000000;0.0000000000;-485.2018422579;4.9187396229;-451.5874814456;12.3153650775
0.0000000000;0.0000000000;0.0635835622;0.1203431743;0.0000000000;0.0000000000;0.0000000000;0.0000000000;0.0000000000;0.0000000000;-483.0187618004;4.1781705744;-447.3002429196;11.8309902533
0.0000000000;0.0000000000;0.0826967059;0.1555530726;0.0000000000;0.0000000000;0.0000000000;0.0000000000;0.0000000000;0.0000000000;-476.2204148305;7.2174045384;-442.8105441748;3.8663998175
0.0000000000;0.0000000000;0.1040276735;0.1633988668;0.0000000000;0.0000000000;0.0000000000;0.0000000000;0.0000000000;0.0000000000;-467.7442274945;6.8975665449;-426.8635015582;-1.7125115834
0.0000000000;0.0000000000;0.1077683043;0.1342096174;0.0000000000;0.0000000000;0.0000000000;0.0000000000;0.0000000000;0.0000000000;-459.9614032359;5.8913911987;-425.1556938478;-5.4200532738
0.0000000000;0.0000000000;0.0958996682;0.1647971765;0.0000000000;0.0000000000;0.0000000000;0.0000000000;0.0000000000;0.0000000000;-459.3436883266;0.0739758608;-422.0490123518;-15.8560961196
0.0000000000;0.0000000000;0.0923562170;0.1324652106;0.0000000000;0.0000000000;0.0000000000;0.0000000000;0.0000000000;0.0000000000;-449.8456195718;-2.2033101990;-418.4583388076;-22.8412211631
0.0000000000;0.0000000000;0.1244891828;0.1132560404;0.0000000000;0.0000000000;0.0000000000;0.0000000000;0.0000000000;0.0000000000;-444.9726321181;-4.9741690600;-412.7736214447;-27.2796884404
0.0000000000;0.0000000000;0.1296651659;0.1353384457;0.0000000000;0.0000000000;0.0000000000;0.0000000000;0.0000000000;0.0000000000;-433.4176061316;-11.1221184100;-408.3083856558;-35.7020068695
0.0000000000;0.0000000000;0.1331794538;0.1470034966;0.0000000000;0.0000000000;0.0000000000;0.0000000000;0.0000000000;0.0000000000;-430.1832681937;-20.6548279659;-402.1681447668;-44.2180323046
0.0000000000;0.0000000000;0.1365425993;0.1477708194;0.0000000000;0.0000000000;0.0000000000;0.0000000000;0.0000000000;0.0000000000;-422.4432066675;-20.3094301443;-403.9720584804;-49.4676652940
0.0000000000;0.0000000000;0.1191560362;0.1408648170;0.0000000000;0.0000000000;0.0000000000;0.0000000000;0.0000000000;0.0000000000;-418.6710423117;-30.1538876920;-389.9159072560;-59.9690158535
0.0000000000;0.0000000000;0.1506239157;0.1934706200;0.0000000000;0.0000000000;0.0000000000;0.0000000000;0.0000000000;0.0000000000;-410.3953047789;-37.4936629734;-390.5914922603;-62.5243263760
0.0000000000;0.0000000000;0.1706882711;0.1676635374;0.0000000000;0.0000000000;0.0000000000;0.0000000000;0.0000000000;0.0000000000;-406.6415608539;-41.4525022812;-382.9890421185;-68.0070469400
0.0000000000;0.0000000000;0.1443984327;0.1532582077;0.0000000000;0.0000000000;0.0000000000;0.0000000000;0.0000000000;0.0000000000;-403.6546049064;-45.6461077562;-375.2580143525;-78.2741200798
0.0000000000;0.0000000000;0.1428609307;0.1545781875;0.0000000000;0.0000000000;0.0000000000;0.0000000000;0.0000000000;0.0000000000;-395.6315705187;-58.6820247274;-373.9194495171;-81.4997679849
0.0000000000;0.0000000000;0.1456079347;0.1695032063;0.0000000000;0.0000000000;0.0000000000;0.0000000000;0.0000000000;0.0000000000;-389.2516197685;-61.8311161503;-368.6060254695;-96.7602276023
0.0000000000;0.0000000000;0.1197857403;0.1306683479;0.0000000000;0.0000000000;0.0000000000;0.0000000000;0.0000000000;0.0000000000;-379.7811338195;-72.3497535496;-362.4444277844;-100.9062915951
0.0000000000;0.0000000000;0.1546551993;0.1388933595;0.0000000000;0.0000000000;0.0000000000;0.0000000000;0.0000000000;0.0000000000;-382.1077898114;-78.3220777129;-355.4709761052;-102.6168371657
0.0000000000;0.0000000000;0.1513744186;0.1965847094;0.0000000000;0.0000000000;0.0000000000;0.0000000000;0.0000000000;0.0000000000;-369.9851159972;-85.2950498839;-351.0499894838;-112.3203763935
0.0000000000;0.0000000000;0.1864899701;0.1669580462;0.0000000000;0.0000000000;0.0000000000;0.0000000000;0.0000000000;0.0000000000;-365.5642153055;-92.8275413230;-346.1493502380;-121.6874488878
0.0000000000;0.0000000000;0.1480171951;0.1644753731;0.0000000000;0.0000000000;0.0000000000;0.0000000000;0.0000000000;0.0000000000;-360.5821838365;-96.8636986835;-339.7400615173;-127.9071439818
0.0000000000;0.0000000000;0.1523280578;0.1598615575;0.0000000000;0.0000000000;0.0000000000;0.0000000000;0.0000000000;0.0000000000;-357.8521072570;-109.5408402786;-336.3663637376;-136.6268227452
0.0000000000;0.0000000000;0.1605082199;0.1297359031;0.0000000000;0.0000000000;0.0000000000;0.0000000000;0.0000000000;0.0000000000;-352.3712053055;-112.2691986588;-324.9617580983;-141.8353030846
0.0000000000;0.0000000000;0.1445965704;0.1276148822;0.0000000000;0.0000000000;0.0000000000;0.0000000000;0.0000000000;0.0000000000;-348.9414941055;-120.8285571477;-327.6021603836;-149.5127737107
0.0000000000;0.0000000000;0.1432943531;0.1771612371;0.0000000000;0.0000000000;0.0000000000;0.0000000000;0.0000000000;0.0000000000;-341.7968318082;-126.2018256567;-324.8696796908;-156.4523225876
0.0000000000;0.0000000000;0.1503118495;0.1358590515;0.0000000000;0.0000000000;0.0000000000;0.0000000000;0.0000000000;0.0000000000;-337.6158027032;-135.9186621994;-322.0277063917;-164.7698319513
0.0000000000;0.0000000000;0.1369461089;0.1604427826;0.0000000000;0.0000000000;0.0000000000;0.0000000000;0.0000000000;0.0000000000;-335.2817386531;-143.9689585069;-312.7906453608;-174.4625453169
0.0000000000;0.0000000000;0.1496408236;0.1459468609;0.0000000000;0.0000000000;0.0000000000;0.0000000000;0.0000000000;0.0000000000;-326.1331870336;-150.5753121929;-310.3876838831;-177.3526580085
0.0000000000;0.0000000000;0.1992895199;0.1443961732;0.0000000000;0.0000000000;0.0000000000;0.0000000000;0.0000000000;0.0000000000;-323.3046016031;-155.6223030433;-303.2340264632;-186.0369439923
0.0000000000;0.0000000000;0.1037351171;0.1031914687;0.0000000000;0.0000000000;0.0000000000;0.0000000000;0.0000000000;0.0000000000;-318.1886224663;-165.8494176896;-295.5449786413;-193.2906143182
0.0000000000;0.0000000000;0.1663800683;0.1326914445;0.0000000000;0.0000000000;0.0000000000;0.0000000000;0.0000000000;0.0000000000;-312.4454236868;-171.4148029311;-293.5621841936;-199.3727816718
0.0000000000;0.0000000000;0.1610981487;0.1390680374;0.0000000000;0.0000000000;0.0000000000;0.0000000000;0.0000000000;0.0000000000;-310.8074421258;-175.2820696029;-286.1808099464;-206.8702055408
0.0000000000;0.0000000000;0.1245252816;0.1205632112;0.0000000000;0.0000000000;0.0000000000;0.0000000000;0.0000000000;0.0000000000;-305.8860764158;-182.0678667006;-283.5722152801;-212.3620778054
0.0000000000;0.0000000000;0.1595344319;0.1452302212;0.0000000000;0.0000000000;0.0000000000;0.0000000000;0.0000000000;0.0000000000;-297.3888714060;-186.9006524564;-269.9988536661;-213.1083842841
0.0000000000;0.0000000000;0.1330388302;0.1352685312;0.0000000000;0.0000000000;0.0000000000;0.0000000000;0.0000000000;0.0000000000;-293.2226590404;-195.0331641057;-266.3866845358;-218.5291776836
0.0000000000;0.0000000000;0.1448068194;0.1280922908;0.0000000000;0.0000000000;0.0000000000;0.0000000000;0.0000000000;0.0000000000;-285.9560589332;-200.1757245932;-257.1956978972;-218.8749835230
0.0000000000;0.0000000000;0.1806830081;0.0890151072;0.0000000000;0.0000000000;0.0000000000;0.0000000000;0.0000000000;0.0000000000;-278.4690165618;-201.1537659640;-247.3162974596;-226.1312180146
0.0000000000;0.0000000000;0.1394403978;0.1176777871;0.0000000000;0.0000000000;0.0000000000;0.0000000000;0.0000000000;0.0000000000;-275.5699569613;-205.0210160609;-242.0959541507;-226.4820590817
0.0000000000;0.0000000000;0.1469721214;0.1366597623;0.0000000000;0.0000000000;0.0000000000;0.0000000000;0.0000000000;0.0000000000;-265.7902849220;-211.0812290460;-231.9068152163;-226.2507411563
0.0000000000;0.0000000000;0.1688033436;0.1306182486;0.0000000000;0.0000000000;0.0000000000;0.0000000000;0.0000000000;0.0000000000;-258.9624687751;-218.8704224832;-221.0167227211;-230.4560362637
0.0000000000;0.0000000000;0.1847792970;0.1484171699;0.0000000000;0.0000000000;0.0000000000;0.0000000000;0.0000000000;0.0000000000;-248.7954959685;-216.8950387440;-216.2263256850;-230.5182549387
0.0000000000;0.0000000000;0.1356911371;0.1122054835;0.0000000000;0.0000000000;0.0000000000;0.0000000000;0.0000000000;0.0000000000;-244.0554389627;-217.3063095957;-212.3699386137;-230.9568888184
0.0000000000;0.0000000000;0.1705829911;0.1128288699;0.0000000000;0.0000000000;0.0000000000;0.0000000000;0.0000000000;0.0000000000;-234.5053534841;-224.6107921213;-197.2880664619;-227.2535626333
0.0000000000;0.0000000000;0.1526636917;0.1251407700;0.0000000000;0.0000000000;0.0000000000;0.0000000000;0.0000000000;0.0000000000;-226.3131999306;-225.0938690692;-188.7306942893;-233.5243209506
0.0000000000;0.0000000000;0.1325129392;0.1466019101;0.0000000000;0.0000000000;0.0000000000;0.0000000000;0.0000000000;0.0000000000;-220.6821666600;-224.8901817125;-182.5242694995;-227.5952241122
0.0000000000;0.0000000000;0.1198015974;0.1309188737;0.0000000000;0.0000000000;0.0000000000;0.0000000000;0.0000000000;0.0000000000;-209.5528435484;-224.3864269259;-173.5707591133;-226.7215345728
0.0000000000;0.0000000000;0.1309840378;0.1253762939;0.0000000000;0.0000000000;0.0000000000;0.0000000000;0.0000000000;0.0000000000;-202.8817298231;-224.2085366250;-169.8577607979;-225.7614675442
0.0000000000;0.0000000000;0.1801076138;0.0961273536;0.0000000000;0.0000000000;0.0000000000;0.0000000000;0.0000000000;0.0000000000;-193.8587870951;-222.7829191950;-159.6402812466;-221.2719306498
0.0000000000;0.0000000000;0.1731554433;0.1308575156;0.0000000000;0.0000000000;0.0000000000;0.0000000000;0.0000000000;0.0000000000;-186.2307994061;-223.4068843326;-154.3652523253;-216.8714730111
0.0000000000;0.0000000000;0.1346671480;0.1110930980;0.0000000000;0.0000000000;0.0000000000;0.0000000000;0.0000000000;0.0000000000;-182.0772363257;-222.8715792821;-143.3320863357;-215.1022856530
0.0000000000;0.0000000000;0.1432132449;0.1315316374;0.0000000000;0.0000000000;0.0000000000;0.0000000000;0.0000000000;0.0000000000;-168.7199789076;-222.1030284793;-138.5269701788;-212.6558972936
0.0000000000;0.0000000000;0.1535854252;0.1075156719;0.0000000000;0.0000000000;0.0000000000;0.0000000000;0.0000000000;0.0000000000;-162.2569430275;-221.1124393586;-128.3897282812;-208.4474825119
0.0000000000;0.0000000000;0.1335483695;0.1363140151;0.0000000000;0.0000000000;0.0000000000;0.0000000000;0.0000000000;0.0000000000;-155.6892046435;-217.0701478834;-122.6435781580;-201.5452424331
0.0000000000;0.0000000000;0.1188776344;0.1067428521;0.0000000000;0.0000000000;0.0000000000;0.0000000000;0.0000000000;0.0000000000;-150.0627988448;-215.4985363253;-114.6268699409;-196.9579808428
0.0000000000;0.0000000000;0.1324048611;0.1332607184;0.0000000000;0.0000000000;0.0000000000;0.0000000000;0.0000000000;0.0000000000;-140.1981929118;-210.2689972827;-108.1347470911;-190.6160649028
0.0000000000;0.0000000000;0.1932375571;0.1235011562;0.0000000000;0.0000000000;0.0000000000;0.0000000000;0.0000000000;0.0000000000;-136.0424019069;-205.4239574008;-103.4621636014;-185.4013711384
0.0000000000;0.0000000000;0.1822497739;0.1334057934;0.0000000000;0.0000000000;0.0000000000;0.0000000000;0.0000000000;0.0000000000;-128.5326980745;-200.1408256129;-101.9965729020;-182.7583607135
0.0000000000;0.0000000000;0.1495063533;0.1224110648;0.0000000000;0.0000000000;0.0000000000;0.0000000000;0.0000000000;0.0000000000;-122.0229680998;-198.6909283036;-93.6084590025;-170.6274910562
0.0000000000;0.0000000000;0.1311924146;0.1264616355;0.0000000000;0.0000000000;0.0000000000;0.0000000000;0.0000000000;0.0000000000;-114.7252237294;-188.0862680336;-86.7626915949;-170.4595509737
0.0000000000;0.0000000000;0.1678348117;0.1345946617;0.0000000000;0.0000000000;0.0000000000;0.0000000000;0.0000000000;0.0000000000;-109.1691341380;-186.8823525614;-83.5369567206;-157.8072448295
0.0000000000;0.0000000000;0.1428744116;0.1300907483;0.0000000000;0.0000000000;0.0000000000;0.0000000000;0.0000000000;0.0000000000;-103.1579689268;-177.5479862366;-78.4805977987;-150.2739467482
0.0000000000;0.0000000000;0.1304820866;0.1433280750;0.0000000000;0.0000000000;0.0000000000;0.0000000000;0.0000000000;0.0000000000;-95.8000145969;-170.5476319244;-75.8197800300;-143.5454415756
0.0000000000;0.0000000000;0.1352965274;0.1643515745;0.0000000000;0.0000000000;0.0000000000;0.0000000000;0.0000000000;0.0000000000;-88.7831018950;-164.7350254421;-70.9552508038;-137.0575072825
0.0000000000;0.0000000000;0.1336586638;0.1757932426;0.0000000000;0.0000000000;0.0000000000;0.0000000000;0.0000000000;0.0000000000;-86.2142633209;-155.4683485457;-60.7433808873;-131.3381244135
0.0000000000;0.0000000000;0.1598196821;0.1406235221;0.0000000000;0.0000000000;0.0000000000;0.0000000000;0.0000000000;0.0000000000;-78.9012163293;-150.7323916805;-57.8885447582;-123.8444194296
0.0000000000;0.0000000000;0.1829475304;0.1614148836;0.0000000000;0.0000000000;0.0000000000;0.0000000000;0.0000000000;0.0000000000;-71.3045796433;-144.8078450755;-51.1643081048;-117.8000262691
0.0000000000;0.0000000000;0.1746041117;0.1932312484;0.0000000000;0.0000000000;0.0000000000;0.0000000000;0.0000000000;0.0000000000;-64.5342107422;-137.3966377725;-43.2357168203;-113.6981003965
0.0000000000;0.0000000000;0.1530957750;0.1211751036;0.0000000000;0.0000000000;0.0000000000;0.0000000000;0.0000000000;0.0000000000;-64.1679943028;-133.9836055585;-39.3455094687;-101.4283623647
0.0000000000;0.0000000000;0.1443269932;0.1377765835;0.0000000000;0.0000000000;0.0000000000;0.0000000000;0.0000000000;0.0000000000;-51.9174290173;-120.5559339729;-34.6088970857;-96.6185824519
0.0000000000;0.0000000000;0.1614112436;0.0996495452;0.0000000000;0.0000000000;0.0000000000;0.0000000000;0.0000000000;0.0000000000;-50.4241721692;-116.4045297034;-24.5234059131;-88.6615745750
0.0000000000;0.0000000000;0.1135727199;0.1182727724;0.0000000000;0.0000000000;0.0000000000;0.0000000000;0.0000000000;0.0000000000;-44.3947183039;-111.5835819285;-23.2506249174;-87.4618297297
0.0000000000;0.0000000000;0.1691779548;0.1245298509;0.0000000000;0.0000000000;0.0000000000;0.0000000000;0.0000000000;0.0000000000;-40.2232040542;-103.4967057020;-16.7897202374;-75.6768202001
0.0000000000;0.0000000000;0.1776146638;0.1273381187;0.0000000000;0.0000000000;0.0000000000;0.0000000000;0.0000000000;0.0000000000;-35.4864634747;-96.0890069681;-10.1736045687;-72.4984689195
0.0000000000;0.0000000000;0.1263044748;0.1361338913;0.0000000000;0.0000000000;0.0000000000;0.0000000000;0.0000000000;0.0000000000;-30.8126153300;-90.3831741379;-4.0552855254;-60.5124082596
0.0000000000;0.0000000000;0.1406323942;0.1593589066;0.0000000000;0.0000000000;0.0000000000;0.0000000000;0.0000000000;0.0000000000;-23.1788278739;-82.4018175305;-0.8759672299;-55.2284623029
0.0000000000;0.0000000000;0.1477019224;0.1219239869;0.0000000000;0.0000000000;0.0000000000;0.0000000000;0.0000000000;0.0000000000;-18.6672634546;-75.8127054129;1.6208323437;-46.8256475897
0.0000000000;0.0000000000;0.1696497315;0.1341487111;0.0000000000;0.0000000000;0.0000000000;0.0000000000;0.0000000000;0.0000000000;-16.5616204256;-70.3032932434;-0.7813578270;-35.6085599369
0.0000000000;0.0000000000;0.1388950847;0.1610843928;0.0000000000;0.0000000000;0.0000000000;0.0000000000;0.0000000000;0.0000000000;-11.0602570095;-57.5922254778;7.1862552451;-33.2985977346
0.0000000000;0.0000000000;0.1595915273;0.1777543962;0.0000000000;0.0000000000;0.0000000000;0.0000000000;0.0000000000;0.0000000000;-3.6199025539;-51.5727425054;5.4387793978;-22.5663436025
0.0000000000;0.0000000000;0.1506106284;0.2037957242;0.0000000000;0.0000000000;0.0000000000;0.0000000000;0.0000000000;0.0000000000;-3.1368173899;-46.0091327020;16.8165777198;-14.1934337341
0.0000000000;0.0000000000;0.1319132222;0.1853198753;0.0000000000;0.0000000000;0.0000000000;0.0000000000;0.0000000000;0.0000000000;-0.5836789179;-39.6053852999;17.1303846962;-5.5764318781
0.0000000000;0.0000000000;0.1201842263;0.1934255500;0.0000000000;0.0000000000;0.0000000000;0.0000000000;0.0000000000;0.0000000000;2.4131696187;-31.7088959325;19.0019549969;2.3795726028
0.0000000000;0.0000000000;0.1295485730;0.1479214881;0.0000000000;0.0000000000;0.0000000000;0.0000000000;0.0000000000;0.0000000000;11.2803695521;-24.9174031806;25.8674892608;10.6064059376
0.0000000000;0.0000000000;0.1518518303;0.1451390872;0.0000000000;0.0000000000;0.0000000000;0.0000000000;0.0000000000;0.0000000000;13.3277712520;-15.2015780002;29.8790855529;18.1405509103
0.0000000000;0.0000000000;0.1517067630;0.1373240658;0.0000000000;0.0000000000;0.0000000000;0.0000000000;0.0000000000;0.0000000000;19.9795350270;-10.3519770812;33.5176962609;26.3148278117
0.0000000000;0.0000000000;0.1918474770;0.1483725199;0.0000000000;0.0000000000;0.0000000000;0.0000000000;0.0000000000;0.0000000000;24.1080955840;3.1675265618;40.0091039497;32.1121684480
0.0000000000;0.0000000000;0.1430268943;0.1648121078;0.0000000000;0.0000000000;0.0000000000;0.0000000000;0.0000000000;0.0000000000;22.4494188811;5.7697415921;44.0927945669;40.9114376457
0.0000000000;0.0000000000;0.1424397563;0.1494673826;0.0000000000;0.0000000000;0.0000000000;0.0000000000;0.0000000000;0.0000000000;28.3497896019;17.0359860775;47.4895963252;45.7587626844
0.0000000000;0.0000000000;0.1295416532;0.1568847162;0.0000000000;0.0000000000;0.0000000000;0.0000000000;0.0000000000;0.0000000000;36.3074051461;26.0359386706;50.4090009467;56.3344741147
0.0000000000;0.0000000000;0.1754190988;0.1246958465;0.0000000000;0.0000000000;0.0000000000;0.0000000000;0.0000000000;0.0000000000;36.4444157050;36.2351684217;56.8736102446;66.4956577253
0.0000000000;0.0000000000;0.1411108152;0.1613910286;0.0000000000;0.0000000000;0.0000000000;0.0000000000;0.0000000000;0.0000000000;41.5529434553;44.7970597629;53.5501270468;73.5268171987
0.0000000000;0.0000000000;0.1323907538;0.1448789766;0.0000000000;0.0000000000;0.0000000000;0.0000000000;0.0000000000;0.0000000000;49.4164531917;50.1491496975;63.9432531665;81.4536728211
0.0000000000;0.0000000000;0.0949095881;0.1570458724;0.0000000000;0.0000000000;0.0000000000;0.0000000000;0.0000000000;0.0000000000;53.1939306371;59.7312520802;65.4777918321;92.3109215955
0.0000000000;0.0000000000;0.1217230170;0.1611931608;0.0000000000;0.0000000000;0.0000000000;0.0000000000;0.0000000000;0.0000000000;56.1128507222;66.9045254287;69.9339130290;98.2687821616
0.0000000000;0.0000000000;0.1459170383;0.1790203471;0.0000000000;0.0000000000;0.0000000000;0.0000000000;0.0000000000;0.0000000000;57.1950558528;75.3268109301;76.2781109197;106.4574807605
0.0000000000;0.0000000000;0.1743100560;0.1351847927;0.0000000000;0.0000000000;0.0000000000;0.0000000000;0.0000000000;0.0000000000;65.6736015227;81.5418945831;78.6780747966;110.9702478307
0.0000000000;0.0000000000;0.1352507032;0.1252338643;0.0000000000;0.0000000000;0.0000000000;0.0000000000;0.0000000000;0.0000000000;63.0580807788;90.0299826425;78.4220906902;120.9425028915
0.0000000000;0.0000000000;0.1520293078;0.1633164475;0.0000000000;0.0000000000;0.0000000000;0.0000000000;0.0000000000;0.0000000000;71.4823254534;98.5786139841;86.5180521294;132.5370854895
0.0000000000;0.0000000000;0.1710901788;0.1536890844;0.0000000000;0.0000000000;0.0000000000;0.0000000000;0.0000000000;0.0000000000;70.6599873177;103.9566629281;87.4959988988;141.4586723843
0.0000000000;0.0000000000;0.1476023186;0.1228570980;0.0000000000;0.0000000000;0.0000000000;0.0000000000;0.0000000000;0.0000000000;75.4229544490;115.3699625871;88.4006216328;145.1202820255
0.0000000000;0.0000000000;0.1521643277;0.1714416897;0.0000000000;0.0000000000;0.0000000000;0.0000000000;0.0000000000;0.0000000000;78.7303921352;123.0268082650;90.3255263953;155.9548424989
0.0000000000;0.0000000000;0.1433701711;0.1275326441;0.0000000000;0.0000000000;0.0000000000;0.0000000000;0.0000000000;0.0000000000;80.3946274292;132.5975104987;97.6229086803;163.6242435840
0.0000000000;0.0000000000;0.1597015026;0.1689745442;0.0000000000;0.0000000000;0.0000000000;0.0000000000;0.0000000000;0.0000000000;84.4337593441;140.9585986835;96.6537750548;173.7751608052
0.0000000000;0.0000000000;0.1324795044;0.1209933251;0.0000000000;0.0000000000;0.0000000000;0.0000000000;0.0000000000;0.0000000000;89.7952745023;149.5884581166;99.5447127710;184.7114915349
0.0000000000;0.0000000000;0.1517371047;0.1600721619;0.0000000000;0.0000000000;0.0000000000;0.0000000000;0.0000000000;0.0000000000;89.3161399038;155.4823046689;101.3425163489;187.5682961466
0.0000000000;0.0000000000;0.1808789161;0.1435608367;0.0000000000;0.0000000000;0.0000000000;0.0000000000;0.0000000000;0.0000000000;92.4720739543;165.3755369764;104.9457914120;203.5064320459
0.0000000000;0.0000000000;0.1193826864;0.1264305877;0.0000000000;0.0000000000;0.0000000000;0.0000000000;0.0000000000;0.0000000000;96.9900394194;175.1854599270;106.2055977980;205.7930702841
0.0000000000;0.0000000000;0.1339424992;0.1457414892;0.0000000000;0.0000000000;0.0000000000;0.0000000000;0.0000000000;0.0000000000;99.5998529269;182.4672886079;103.5260301595;216.3981643370
0.0000000000;0.0000000000;0.1330996434;0.1278260101;0.0000000000;0.0000000000;0.0000000000;0.0000000000;0.0000000000;0.0000000000;101.9468576207;189.3455481059;110.4086085717;224.2751226256
0.0000000000;0.0000000000;0.1402311896;0.1332108882;0.0000000000;0.0000000000;0.0000000000;0.0000000000;0.0000000000;0.0000000000;101.0373935419;200.8938409355;115.5135965905;233.4223237009
