0.0000000000;0.0000000000;0.1680517128;0.2056380942;0.0000000000;0.0000000000;0.0000000000;0.0000000000;0.0000000000;0.0000000000;418.7207490353;-178.7435600585;450.3064173496;-197.6874105542;NaN;NaN;NaN;NaN;-123.6750551426;-298.3821621268;-147.7163240760;-272.5269005475;300.3308018482;-241.6690175115;330.5319436540;-260.0854611733
0.0000000000;0.0000000000;0.1917777717;0.1691276866;0.0000000000;0.0000000000;0.0000000000;0.0000000000;0.0000000000;0.0000000000;433.1430084816;-185.0346346205;463.2509345681;-205.5641569883;155.5056955673;-288.9806068650;189.8656856238;-294.6444026855;NaN;NaN;NaN;NaN;307.0599283864;-249.0115724889;335.6500216387;-264.3302109400
0.0000000000;0.0000000000;0.1774383970;0.1607329193;0.0000000000;0.0000000000;0.0000000000;0.0000000000;0.0000000000;0.0000000000;443.7361452652;-192.6776068783;471.9156874876;-207.8068136148;163.9902335275;-302.1715267706;200.7232355679;-309.1612301922;-136.0988899390;-295.7566209859;-159.1137467899;-267.6445524386;321.1316893748;-250.6265230436;348.3788401530;-271.8698355500
0.0000000000;0.0000000000;0.2490910715;0.2334789448;0.0000000000;0.0000000000;0.0000000000;0.0000000000;0.0000000000;0.0000000000;453.8225133310;-194.8747629231;481.9766327527;-216.0506835407;163.7907089767;-299.5845650827;204.1408172584;-308.7486183543;NaN;NaN;NaN;NaN;334.4750614365;-256.8849932262;360.4724968866;-275.4608612042
0.0000000000;0.0000000000;0.1715904388;0.1887810156;0.0000000000;0.0000000000;0.0000000000;0.0000000000;0.0000000000;0.0000000000;464.2408811352;-205.8751199333;492.5137373523;-221.7067498790;NaN;NaN;NaN;NaN;NaN;NaN;NaN;NaN;341.6822563515;-265.9489764834;373.2101610571;-282.6735894469
0.0000000000;0.0000000000;0.1988913186;0.1777785077;0.0000000000;0.0000000000;0.0000000000;0.0000000000;0.0000000000;0.0000000000;470.7032901701;-207.3831642003;504.3814217519;-225.0075964993;195.5832129499;-311.9555242626;228.2346504146;-319.4268821465;NaN;NaN;NaN;NaN;351.2306450270;-272.0024974337;384.7630219842;-287.6887301279
0.0000000000;0.0000000000;0.2393081793;0.1773052354;0.0000000000;0.0000000000;0.0000000000;0.0000000000;0.0000000000;0.0000000000;484.8490812311;-214.6187902503;510.1047716782;-235.2436610044;191.0260900898;-309.5230622810;231.0012204609;-305.4827083974;-119.0011913435;-292.9294601260;-145.3693356653;-271.4844997546;362.0640316534;-276.0508530099;389.9371880658;-291.8709990751
0.0000000000;0.0000000000;0.2194650566;0.2027846989;0.0000000000;0.0000000000;0.0000000000;0.0000000000;0.0000000000;0.0000000000;493.7659896052;-223.2191965394;523.1572148438;-239.5878911902;NaN;NaN;NaN;NaN;-115.6293708824;-271.0234646667;-141.8620720577;-248.5646520481;368.3389203322;-280.4914392907;406.2257586805;-300.5706816913
0.0000000000;0.0000000000;0.1859603993;0.2141972295;0.0000000000;0.0000000000;0.0000000000;0.0000000000;0.0000000000;0.0000000000;507.4112529271;-227.2008306440;534.9221879321;-245.4710089741;174.0399016698;-287.2831750315;212.4143730794;-292.4123078338;NaN;NaN;NaN;NaN;380.8600191365;-285.9676996840;414.3823965551;-307.6348472779
0.0000000000;0.0000000000;0.2238140645;0.2161702419;0.0000000000;0.0000000000;0.0000000000;0.0000000000;0.0000000000;0.0000000000;513.7737305286;-234.9503563480;545.2583298802;-252.5103032870;184.9662447459;-303.4219510042;216.2890017288;-316.5129453488;-110.8216620843;-313.0524355924;-137.2825958397;-283.6521724505;393.0714379498;-292.3558645456;427.7659575981;-314.0332983081
0.0000000000;0.0000000000;0.2125534862;0.1930060016;0.0000000000;0.0000000000;0.0000000000;0.0000000000;0.0000000000;0.0000000000;525.7579591300;-235.7753896328;556.7775721263;-258.0341008514;NaN;NaN;NaN;NaN;-114.2946066300;-294.3943259395;-146.9943323245;-273.9943853267;403.4583777306;-299.5426704825;432.7007992485;-319.8554233530
0.0000000000;0.0000000000;0.2136154975;0.2113388827;0.0000000000;0.0000000000;0.0000000000;0.0000000000;0.0000000000;0.0000000000;538.2174779098;-248.3399399610;568.8593204954;-266.8471557476;193.3799570466;-318.0269036718;224.2579169461;-303.0256152983;NaN;NaN;NaN;NaN;413.7204138729;-308.7351065206;446.6635748765;-322.1462092818
0.0000000000;0.0000000000;0.2208142283;0.2293909163;0.0000000000;0.0000000000;0.0000000000;0.0000000000;0.0000000000;0.0000000000;549.3425744801;-252.4258436440;575.7822420837;-270.0644687761;178.5203033081;-277.3858828841;209.7617395224;-288.7295883789;-123.1672724660;-298.5347170407;-152.6465246675;-276.6914949098;420.1581958269;-311.1279192256;458.3453724691;-329.3821809047
0.0000000000;0.0000000000;0.2122657730;0.2140375571;0.0000000000;0.0000000000;0.0000000000;0.0000000000;0.0000000000;0.0000000000;555.4319624574;-258.2545794542;585.5632421119;-275.3199430175;NaN;NaN;NaN;NaN;NaN;NaN;NaN;NaN;433.3301268475;-320.9669872744;464.0045288804;-337.2718542625
0.0000000000;0.0000000000;0.1559705387;0.2574741977;0.0000000000;0.0000000000;0.0000000000;0.0000000000;0.0000000000;0.0000000000;565.9916581337;-264.9779306957;595.1358013993;-282.0979603746;182.8752282965;-302.4589953826;215.7936725504;-314.4379495122;NaN;NaN;NaN;NaN;445.9807341992;-324.6707106788;478.8546307742;-346.1454706633
0.0000000000;0.0000000000;0.2825762115;0.1591127566;0.0000000000;0.0000000000;0.0000000000;0.0000000000;0.0000000000;0.0000000000;577.0293681864;-272.2578784736;605.7823353081;-287.8896937176;178.0776258800;-286.8810419825;218.6832571954;-295.4841759830;NaN;NaN;NaN;NaN;455.7554679813;-329.9188869747;485.9788341450;-348.7649998976
0.0000000000;0.0000000000;0.1929559039;0.1680410037;0.0000000000;0.0000000000;0.0000000000;0.0000000000;0.0000000000;0.0000000000;586.8971521589;-273.5714789401;617.1790307615;-296.6383772554;NaN;NaN;NaN;NaN;NaN;NaN;NaN;NaN;469.3240828697;-334.8692034313;496.8784618310;-354.8008325624
0.0000000000;0.0000000000;0.2414526810;0.1859209578;0.0000000000;0.0000000000;0.0000000000;0.0000000000;0.0000000000;0.0000000000;596.9269492782;-282.5387994351;627.7346132950;-299.3963037343;NaN;NaN;NaN;NaN;NaN;NaN;NaN;NaN;476.8516341945;-344.7780505177;506.7702826684;-362.6758964083
0.0000000000;0.0000000000;0.2245562146;0.1579848181;0.0000000000;0.0000000000;0.0000000000;0.0000000000;0.0000000000;0.0000000000;605.9574570416;-289.1114522777;633.5303030267;-309.7747229209;NaN;NaN;NaN;NaN;-138.2020935194;-286.4584377018;-164.0861064699;-261.5543824587;484.1955181786;-346.1209956254;514.3626076699;-369.0959653184
0.0000000000;0.0000000000;0.2296097968;0.1738287375;0.0000000000;0.0000000000;0.0000000000;0.0000000000;0.0000000000;0.0000000000;612.8236656517;-296.4708399539;638.4795833925;-321.9731258270;NaN;NaN;NaN;NaN;NaN;NaN;NaN;NaN;491.7328113701;-354.3060078612;518.4206335260;-380.3278352139
0.0000000000;0.0000000000;0.1455324556;0.1688673591;0.0000000000;0.0000000000;0.0000000000;0.0000000000;0.0000000000;0.0000000000;617.2084195530;-302.9629980612;645.0450060550;-328.9909007986;NaN;NaN;NaN;NaN;NaN;NaN;NaN;NaN;497.2148127540;-360.4660358628;522.9283859292;-390.1596609861
0.0000000000;0.0000000000;0.1907634521;0.1312890975;0.0000000000;0.0000000000;0.0000000000;0.0000000000;0.0000000000;0.0000000000;625.6089229010;-306.0538366452;647.9136883405;-339.7741410523;182.4758088128;-295.9315237942;219.8412046170;-304.3011919135;-107.3795301502;-300.0101445561;-129.5502895156;-270.9896673204;506.1519293657;-375.6534028248;527.9670657200;-401.2578286527
0.0000000000;0.0000000000;0.2010123479;0.0887691886;0.0000000000;0.0000000000;0.0000000000;0.0000000000;0.0000000000;0.0000000000;634.6574293261;-315.8772367497;647.1782387248;-351.2931763081;NaN;NaN;NaN;NaN;-101.4597327619;-314.4094205705;-124.2452951580;-293.0200835954;516.0639748616;-381.2336700941;527.2677250500;-412.0010974803
0.0000000000;0.0000000000;0.2194117134;0.1027955399;0.0000000000;0.0000000000;0.0000000000;0.0000000000;0.0000000000;0.0000000000;638.8071033054;-326.7975007862;649.4072645114;-365.1647907120;183.7064621997;-281.9885748248;220.0595125570;-285.1836093386;-109.9681511726;-308.7315736370;-130.4322109915;-280.0023693557;514.2051543808;-385.0192030379;524.8373527201;-422.3934037168
0.0000000000;0.0000000000;0.1760299669;0.0991268724;0.0000000000;0.0000000000;0.0000000000;0.0000000000;0.0000000000;0.0000000000;640.1409155043;-337.1987873461;642.7132767624;-371.1108117904;NaN;NaN;NaN;NaN;-112.1496501383;-298.1396851579;-142.8036912606;-281.9515003089;519.7484293004;-399.0931463187;526.6502421693;-436.5278037838
0.0000000000;0.0000000000;0.2124984132;0.0792252098;0.0000000000;0.0000000000;0.0000000000;0.0000000000;0.0000000000;0.0000000000;633.6444930848;-342.8697561676;636.3412696009;-380.7444260290;172.8230214508;-313.8134903883;207.3000502448;-311.7031345819;NaN;NaN;NaN;NaN;518.1024542769;-403.7335839542;516.6211649400;-442.6050904305
0.0000000000;0.0000000000;0.1898840639;0.1057523457;0.0000000000;0.0000000000;0.0000000000;0.0000000000;0.0000000000;0.0000000000;633.2869024562;-354.1147219969;628.5118828039;-392.8959827328;NaN;NaN;NaN;NaN;-108.9593069131;-307.7215335609;-130.4141965038;-277.4909239313;516.3770454038;-416.7774451085;506.5593961238;-450.8652758849
0.0000000000;0.0000000000;0.1562318403;0.1004713101;0.0000000000;0.0000000000;0.0000000000;0.0000000000;0.0000000000;0.0000000000;633.3367761422;-363.9145264824;616.8142177698;-394.6510525011;171.1182259207;-273.3791417052;209.9824468507;-269.4283935306;-117.1439546359;-283.3152054964;-147.3220097998;-262.2488371744;512.8170220425;-424.9948874244;496.1615630245;-455.8481855669
0.0000000000;0.0000000000;0.2328104882;0.1105272517;0.0000000000;0.0000000000;0.0000000000;0.0000000000;0.0000000000;0.0000000000;631.6065191619;-370.9065183258;610.6884418701;-398.0388652840;NaN;NaN;NaN;NaN;-117.9806553129;-282.9347411763;-134.4040704601;-252.4336133195;509.1916948502;-425.5913243681;487.4122461579;-455.4315867595
0.0000000000;0.0000000000;0.1838737141;0.1314668239;0.0000000000;0.0000000000;0.0000000000;0.0000000000;0.0000000000;0.0000000000;625.0591441197;-379.6617474395;595.9652685385;-399.2500958999;NaN;NaN;NaN;NaN;-116.2208188307;-303.6243031539;-141.9239638953;-278.2855156149;503.3091895173;-438.0893112252;477.9353217027;-460.5023743475
0.0000000000;0.0000000000;0.2143998346;0.1071572556;0.0000000000;0.0000000000;0.0000000000;0.0000000000;0.0000000000;0.0000000000;615.5040613385;-382.7714597162;586.9364890048;-400.7688955077;174.6229955421;-300.1047210779;213.5736309414;-304.0561226801;-105.5628977586;-310.4914096037;-137.2942249255;-290.5526524913;494.0309140193;-440.9013521735;465.9835333194;-462.0365580636
0.0000000000;0.0000000000;0.1851759307;0.1149226669;0.0000000000;0.0000000000;0.0000000000;0.0000000000;0.0000000000;0.0000000000;607.9292971495;-384.9614331123;575.5127540922;-400.4611173884;NaN;NaN;NaN;NaN;-120.7554807307;-292.0357426808;-150.1505293816;-268.3970399167;487.1442300302;-445.9768462731;454.1831219771;-463.6539429032
0.0000000000;0.0000000000;0.1618940123;0.1572164732;0.0000000000;0.0000000000;0.0000000000;0.0000000000;0.0000000000;0.0000000000;600.6125270669;-389.6814597315;569.0446147675;-406.2777093037;186.5430368586;-321.2887066827;221.7010586470;-323.6655206245;NaN;NaN;NaN;NaN;482.3701528449;-450.3301499631;446.8082488089;-464.2696619263
0.0000000000;0.0000000000;0.1486157916;0.1717932441;0.0000000000;0.0000000000;0.0000000000;0.0000000000;0.0000000000;0.0000000000;591.7220016403;-395.1460903197;560.2761668852;-404.9976644871;NaN;NaN;NaN;NaN;-126.5264980547;-283.2569432946;-148.6090327554;-256.4728340619;471.8770037739;-455.9995318985;437.1444273051;-466.3292327445
0.0000000000;0.0000000000;0.1435512972;0.1584939957;0.0000000000;0.0000000000;0.0000000000;0.0000000000;0.0000000000;0.0000000000;583.0205580134;-392.2584361315;551.3444808628;-404.9615163023;155.7071113167;-296.3597542938;194.1377274781;-302.9126817098;NaN;NaN;NaN;NaN;462.5811759588;-454.8013992608;433.8387950652;-467.4708957121
0.0000000000;0.0000000000;0.1619353340;0.1177282262;0.0000000000;0.0000000000;0.0000000000;0.0000000000;0.0000000000;0.0000000000;574.5946232175;-399.6312731766;539.7622315574;-410.4123508418;175.9826047702;-288.3305362290;208.5456857495;-295.3599265629;NaN;NaN;NaN;NaN;453.5113225811;-457.5599753220;415.9701912647;-468.2077391631
0.0000000000;0.0000000000;0.1435375774;0.1530416046;0.0000000000;0.0000000000;0.0000000000;0.0000000000;0.0000000000;0.0000000000;561.8351032021;-402.4387083635;535.7927928890;-415.6713595897;NaN;NaN;NaN;NaN;NaN;NaN;NaN;NaN;446.3744039465;-462.3238833487;412.5901164121;-468.4844410927
0.0000000000;0.0000000000;0.1520237582;0.1798139171;0.0000000000;0.0000000000;0.0000000000;0.0000000000;0.0000000000;0.0000000000;558.3928876308;-405.0141247001;520.9094755320;-417.2910771770;NaN;NaN;NaN;NaN;NaN;NaN;NaN;NaN;440.3956452334;-465.6354425898;401.4267630201;-473.2438890340
0.0000000000;0.0000000000;0.1609248358;0.1430666559;0.0000000000;0.0000000000;0.0000000000;0.0000000000;0.0000000000;0.0000000000;550.1976928837;-405.9571257979;515.2521869959;-418.8244011209;176.4137599703;-318.3635785903;209.6159394089;-333.7452858676;-118.2514462075;-319.7442286502;-151.4346637646;-299.1912393570;430.1491638163;-465.5470317192;393.6329927205;-476.6366874703
0.0000000000;0.0000000000;0.1218546335;0.1162126306;0.0000000000;0.0000000000;0.0000000000;0.0000000000;0.0000000000;0.0000000000;534.2879445893;-409.7728071008;509.8323359866;-423.2092611384;172.0447311018;-315.7397420927;207.5814474030;-298.4903800140;NaN;NaN;NaN;NaN;416.9137096693;-469.1856570704;388.3079724979;-482.3902602695
0.0000000000;0.0000000000;0.1938829191;0.1996835213;0.0000000000;0.0000000000;0.0000000000;0.0000000000;0.0000000000;0.0000000000;531.4438835388;-412.2530844948;501.8982760430;-425.2627905984;NaN;NaN;NaN;NaN;NaN;NaN;NaN;NaN;411.8360644138;-475.8541941727;377.5409982241;-483.9743805969
0.0000000000;0.0000000000;0.1549873600;0.1546769447;0.0000000000;0.0000000000;0.0000000000;0.0000000000;0.0000000000;0.0000000000;524.1106566155;-418.4115838557;488.0413644956;-427.1527846930;193.2940166059;-291.2475696642;223.0930551899;-305.9849177115;-129.8190578637;-288.2204811038;-151.3471984554;-260.2977195580;401.2224359504;-473.0417178299;369.2057585277;-484.7037586741
0.0000000000;0.0000000000;0.1320025626;0.1244137933;0.0000000000;0.0000000000;0.0000000000;0.0000000000;0.0000000000;0.0000000000;515.6056719441;-421.4368373803;481.3451624503;-429.0838277258;178.9582983503;-312.8688761311;208.7587363349;-309.1379923419;-126.4912636109;-308.1912870947;-141.9919806115;-272.9148198424;392.9919758328;-478.0799737490;360.3188608020;-489.6346930528
0.0000000000;0.0000000000;0.1521436610;0.1622445567;0.0000000000;0.0000000000;0.0000000000;0.0000000000;0.0000000000;0.0000000000;504.0460741417;-422.5877354533;470.9407818240;-430.4943207696;172.9108997462;-289.1003004921;208.0184003549;-295.0814131941;NaN;NaN;NaN;NaN;386.7446686459;-482.3880154911;354.9207314978;-491.0157909283
0.0000000000;0.0000000000;0.1211558243;0.1485917574;0.0000000000;0.0000000000;0.0000000000;0.0000000000;0.0000000000;0.0000000000;495.8766120959;-422.6443634978;464.9884535181;-433.1457711712;NaN;NaN;NaN;NaN;NaN;NaN;NaN;NaN;379.0038511492;-484.3146386973;340.3670011369;-496.4153792111
0.0000000000;0.0000000000;0.1375212650;0.1651390824;0.0000000000;0.0000000000;0.0000000000;0.0000000000;0.0000000000;0.0000000000;490.7127992132;-430.1659992529;453.9134859643;-440.3896780936;NaN;NaN;NaN;NaN;NaN;NaN;NaN;NaN;367.5303640597;-488.8981427125;333.3146979712;-495.0134059280
0.0000000000;0.0000000000;0.1334798998;0.1565468584;0.0000000000;0.0000000000;0.0000000000;0.0000000000;0.0000000000;0.0000000000;477.7286093119;-431.1131749475;444.5386745136;-441.3779589728;164.2647987431;-299.0291708825;197.8807941120;-302.3166242000;NaN;NaN;NaN;NaN;364.8233353014;-491.2890975448;325.0928250959;-499.9654974573
0.0000000000;0.0000000000;0.1418135747;0.1513732402;0.0000000000;0.0000000000;0.0000000000;0.0000000000;0.0000000000;0.0000000000;470.8988921608;-431.4468015567;439.5215062843;-442.8628065193;NaN;NaN;NaN;NaN;-112.1434750104;-316.3430107551;-133.5803202525;-287.7431697785;352.0969270217;-495.3989514269;317.3317278017;-502.9590430579
0.0000000000;0.0000000000;0.1344475271;0.1224085642;0.0000000000;0.0000000000;0.0000000000;0.0000000000;0.0000000000;0.0000000000;461.0427260651;-435.0924040069;426.0153886105;-440.5205682295;205.6487549012;-306.9126855503;240.4747579037;-294.1385298892;NaN;NaN;NaN;NaN;343.0068012028;-495.5588491836;311.0680848349;-506.9852031981
0.0000000000;0.0000000000;0.1264259239;0.1663404593;0.0000000000;0.0000000000;0.0000000000;0.0000000000;0.0000000000;0.0000000000;454.0831312628;-437.5674805451;418.4964183241;-449.2708508841;NaN;NaN;NaN;NaN;-139.2139980371;-298.8412238286;-167.8134640272;-287.4232002205;334.3447032583;-496.0713171503;300.1210327109;-512.7206112159
0.0000000000;0.0000000000;0.1680368905;0.1534099394;0.0000000000;0.0000000000;0.0000000000;0.0000000000;0.0000000000;0.0000000000;448.9698490750;-433.8005153065;411.6306021333;-454.0379496894;NaN;NaN;NaN;NaN;NaN;NaN;NaN;NaN;324.0394216158;-501.9280349680;294.9869758677;-514.4615317639
0.0000000000;0.0000000000;0.1359841765;0.1708712566;0.0000000000;0.0000000000;0.0000000000;0.0000000000;0.0000000000;0.0000000000;436.3308134513;-451.2292532744;405.6015937584;-454.3421865295;183.6722675228;-301.4104824069;215.4898307131;-314.4800463262;NaN;NaN;NaN;NaN;315.8729650893;-503.6140201433;282.8199575996;-514.1802708053
0.0000000000;0.0000000000;0.1494009074;0.1454976946;0.0000000000;0.0000000000;0.0000000000;0.0000000000;0.0000000000;0.0000000000;426.3344166638;-443.4464550341;397.0416159843;-455.9748940472;NaN;NaN;NaN;NaN;-142.4137753653;-281.4105872086;-160.7377575692;-256.3804406817;308.9794445896;-505.1655510258;273.4855850214;-518.6953564207
0.0000000000;0.0000000000;0.1545900822;0.1294864475;0.0000000000;0.0000000000;0.0000000000;0.0000000000;0.0000000000;0.0000000000;419.1281226065;-449.3420930010;385.9984458491;-460.4010012891;163.3131709126;-310.9404236677;198.1339871724;-304.3159402261;-109.6630785070;-299.5801018016;-135.2266479377;-274.8188508740;297.2915992904;-509.0790773638;263.8721931381;-522.1968585148
0.0000000000;0.0000000000;0.1395503812;0.1723016400;0.0000000000;0.0000000000;0.0000000000;0.0000000000;0.0000000000;0.0000000000;414.2904849328;-451.4909117074;377.3485088074;-465.3038361118;166.9034068323;-302.2823922526;201.8469002897;-303.3958839739;-107.4626859795;-317.0556569724;-136.1198170716;-297.2976901833;292.0314915950;-513.3924070008;256.4257829267;-523.6104458870
0.0000000000;0.0000000000;0.1110948352;0.1414460861;0.0000000000;0.0000000000;0.0000000000;0.0000000000;0.0000000000;0.0000000000;402.7099049183;-454.6365757844;371.0963299956;-465.0597601756;175.5097072187;-285.6078774824;209.1909907950;-299.4189765720;-117.8236465026;-308.1193477883;-144.6578315204;-285.4200157294;282.7298780092;-514.8035981596;248.9751537192;-525.1240909048
0.0000000000;0.0000000000;0.1427047902;0.1486752486;0.0000000000;0.0000000000;0.0000000000;0.0000000000;0.0000000000;0.0000000000;391.9028457882;-456.6827747518;362.8380251511;-466.2672010481;NaN;NaN;NaN;NaN;NaN;NaN;NaN;NaN;275.1489273690;-518.1793136502;242.8468341838;-531.8079069503
0.0000000000;0.0000000000;0.1569039411;0.1303663426;0.0000000000;0.0000000000;0.0000000000;0.0000000000;0.0000000000;0.0000000000;384.0875885050;-457.8350702792;350.6422625897;-465.3197083743;NaN;NaN;NaN;NaN;NaN;NaN;NaN;NaN;265.5699962380;-517.7978406579;229.9715021706;-525.6303298487
0.0000000000;0.0000000000;0.1768118385;0.1237695559;0.0000000000;0.0000000000;0.0000000000;0.0000000000;0.0000000000;0.0000000000;383.1261319859;-462.9796448097;343.4419477983;-465.6749670972;NaN;NaN;NaN;NaN;NaN;NaN;NaN;NaN;258.2014591442;-524.0782819525;226.7030168370;-531.8533924355
0.0000000000;0.0000000000;0.1689308397;0.1133322229;0.0000000000;0.0000000000;0.0000000000;0.0000000000;0.0000000000;0.0000000000;369.2136647894;-462.3584151584;335.3254367629;-467.6951970475;NaN;NaN;NaN;NaN;NaN;NaN;NaN;NaN;254.2155224951;-525.7034805502;213.0950382187;-525.5824547386
0.0000000000;0.0000000000;0.1286753812;0.1069654417;0.0000000000;0.0000000000;0.0000000000;0.0000000000;0.0000000000;0.0000000000;362.1968787813;-465.8473356393;324.1463272005;-468.6495680532;189.8104687656;-313.6382445866;222.9483361156;-322.9388938598;-145.4143583727;-290.1902308834;-167.5122418737;-261.8800548888;244.6881604796;-524.7422502247;210.1640964274;-524.6392260854
0.0000000000;0.0000000000;0.1358033881;0.1008029747;0.0000000000;0.0000000000;0.0000000000;0.0000000000;0.0000000000;0.0000000000;355.2697562296;-465.4301512711;317.1851493585;-465.9538818318;NaN;NaN;NaN;NaN;NaN;NaN;NaN;NaN;234.8746696273;-524.1520510868;199.9316246395;-524.3329763110
0.0000000000;0.0000000000;0.1576028378;0.1242935392;0.0000000000;0.0000000000;0.0000000000;0.0000000000;0.0000000000;0.0000000000;344.0569775791;-462.8835101996;309.5535961882;-459.9296981250;NaN;NaN;NaN;NaN;NaN;NaN;NaN;NaN;225.3851963572;-522.7392292534;189.1378757209;-519.5003661273
0.0000000000;0.0000000000;0.1484683599;0.1309548231;0.0000000000;0.0000000000;0.0000000000;0.0000000000;0.0000000000;0.0000000000;337.4817353595;-465.7345042684;305.6072212572;-455.3688383093;NaN;NaN;NaN;NaN;-103.3218619784;-299.7224958077;-128.5942678004;-270.7636485213;215.2746669506;-523.0476331012;184.8028776240;-519.7203003411
0.0000000000;0.0000000000;0.1536958888;0.0826439388;0.0000000000;0.0000000000;0.0000000000;0.0000000000;0.0000000000;0.0000000000;328.5880648798;-459.6911974008;294.9084535644;-456.0350955506;NaN;NaN;NaN;NaN;NaN;NaN;NaN;NaN;215.0590480362;-523.0326315786;177.4564000614;-519.1597796625
0.0000000000;0.0000000000;0.1534381652;0.1134181333;0.0000000000;0.0000000000;0.0000000000;0.0000000000;0.0000000000;0.0000000000;324.3083301957;-461.8805846286;287.9264750678;-454.1114511744;NaN;NaN;NaN;NaN;NaN;NaN;NaN;NaN;203.5550690947;-521.9249587587;165.9797115882;-512.6460781239
0.0000000000;0.0000000000;0.1119800909;0.1004287376;0.0000000000;0.0000000000;0.0000000000;0.0000000000;0.0000000000;0.0000000000;313.2585613509;-457.9390875849;277.6961147811;-447.6540907126;199.7011980641;-283.3560610918;234.6761765602;-283.8580026380;NaN;NaN;NaN;NaN;193.5537918665;-517.2964357805;158.9924294723;-506.5138454136
0.0000000000;0.0000000000;0.1462323559;0.1608977191;0.0000000000;0.0000000000;0.0000000000;0.0000000000;0.0000000000;0.0000000000;307.4343006387;-456.3428736899;271.5691979748;-446.5725917955;NaN;NaN;NaN;NaN;NaN;NaN;NaN;NaN;192.0273699996;-516.8018644922;154.1052401859;-505.1344222950
0.0000000000;0.0000000000;0.1291529408;0.1208564179;0.0000000000;0.0000000000;0.0000000000;0.0000000000;0.0000000000;0.0000000000;299.3836304532;-453.1271538324;266.4471544865;-439.5948069669;NaN;NaN;NaN;NaN;-113.5114498183;-296.9973350520;-144.7604728022;-281.9147516534;177.5106896913;-512.6052005213;144.9964874663;-503.3436306154
0.0000000000;0.0000000000;0.1372600005;0.1195961928;0.0000000000;0.0000000000;0.0000000000;0.0000000000;0.0000000000;0.0000000000;289.5989801010;-453.0076763370;253.8090539336;-437.3303182485;189.3204783616;-315.5027004021;224.7799793781;-304.5139877761;-114.9590052961;-296.1699427567;-134.9047065487;-265.6953999444;169.9494544844;-507.5285745367;139.8986197784;-495.8521796517
0.0000000000;0.0000000000;0.1259745281;0.1684214139;0.0000000000;0.0000000000;0.0000000000;0.0000000000;0.0000000000;0.0000000000;280.1882532064;-445.1887861551;247.3512588948;-431.1848240805;192.7767719427;-299.5431709969;232.3718022476;-299.6274899333;NaN;NaN;NaN;NaN;162.0813679438;-508.5599293765;130.4027977194;-496.5203601546
0.0000000000;0.0000000000;0.1161554605;0.1854949935;0.0000000000;0.0000000000;0.0000000000;0.0000000000;0.0000000000;0.0000000000;271.0102293764;-445.5495874399;239.7847452601;-428.8690916472;NaN;NaN;NaN;NaN;NaN;NaN;NaN;NaN;153.2551112341;-502.3524372049;121.7822605600;-488.8945834183
0.0000000000;0.0000000000;0.1972850797;0.1342493242;0.0000000000;0.0000000000;0.0000000000;0.0000000000;0.0000000000;0.0000000000;264.7242280217;-438.0356758224;232.2399088349;-426.6177243177;168.1587002025;-302.5251702344;200.9491405664;-308.0979405481;-111.0036220143;-314.7361354241;-133.7044384216;-286.4634331147;147.7954933507;-499.8500897852;111.9375031417;-489.8981219428
0.0000000000;0.0000000000;0.1954889803;0.1470228529;0.0000000000;0.0000000000;0.0000000000;0.0000000000;0.0000000000;0.0000000000;255.0289200520;-439.4868258127;227.3210893626;-422.3687832833;191.2363260362;-296.3537290420;224.9689370850;-311.1841924925;NaN;NaN;NaN;NaN;136.7900947585;-494.1818547094;106.0345674264;-479.8872499313
0.0000000000;0.0000000000;0.1095233681;0.1147928347;0.0000000000;0.0000000000;0.0000000000;0.0000000000;0.0000000000;0.0000000000;247.9143303400;-431.1091118367;217.8274479194;-417.7875688218;146.5587640995;-295.7227530270;181.0501725677;-310.4247444329;-99.9897126011;-298.1543157423;-131.9507964766;-282.3611407377;129.2757097814;-492.8043995243;98.8660632132;-476.2637123631
0.0000000000;0.0000000000;0.1572250501;0.1369108987;0.0000000000;0.0000000000;0.0000000000;0.0000000000;0.0000000000;0.0000000000;237.2461263980;-428.0133399817;203.8425573085;-412.7817974933;NaN;NaN;NaN;NaN;NaN;NaN;NaN;NaN;123.1822735578;-489.6649612549;86.1556642964;-473.6302926680
0.0000000000;0.0000000000;0.1942288903;0.1349319399;0.0000000000;0.0000000000;0.0000000000;0.0000000000;0.0000000000;0.0000000000;233.3691320884;-428.6338281677;198.3809525852;-414.1982465536;177.3563550534;-294.0284826629;216.6753018243;-307.3870835854;NaN;NaN;NaN;NaN;109.1797120332;-485.7497860533;80.4025714662;-470.3366129396
0.0000000000;0.0000000000;0.1664470134;0.1939947475;0.0000000000;0.0000000000;0.0000000000;0.0000000000;0.0000000000;0.0000000000;221.8646943158;-420.9300711864;192.5874628987;-408.0448936155;NaN;NaN;NaN;NaN;NaN;NaN;NaN;NaN;106.0498386680;-487.0087360130;69.7813241387;-469.5286495141
0.0000000000;0.0000000000;0.1416659950;0.1255028886;0.0000000000;0.0000000000;0.0000000000;0.0000000000;0.0000000000;0.0000000000;217.0476502130;-418.0753177991;181.8862053788;-402.4903653169;NaN;NaN;NaN;NaN;-96.6125973130;-289.1588520433;-122.8274199318;-268.4649645219;100.3071252099;-478.8898955419;63.2873590384;-467.0335958040
0.0000000000;0.0000000000;0.1699489893;0.1303401275;0.0000000000;0.0000000000;0.0000000000;0.0000000000;0.0000000000;0.0000000000;209.4148822131;-419.3234569539;175.5953615392;-402.6130037091;187.2648677783;-281.0937427833;226.7692645684;-286.2788008003;NaN;NaN;NaN;NaN;87.6411145374;-477.5759780266;57.0337453753;-461.6594682890
0.0000000000;0.0000000000;0.1374317547;0.1272836651;0.0000000000;0.0000000000;0.0000000000;0.0000000000;0.0000000000;0.0000000000;201.0085185922;-408.3627888822;162.9285057110;-396.1664513511;NaN;NaN;NaN;NaN;NaN;NaN;NaN;NaN;82.5112579706;-467.1472521718;44.8496459205;-456.4213003628
0.0000000000;0.0000000000;0.1459422642;0.1440249247;0.0000000000;0.0000000000;0.0000000000;0.0000000000;0.0000000000;0.0000000000;190.8508018062;-404.5788859807;158.2934047797;-394.5219466660;NaN;NaN;NaN;NaN;-124.0660760850;-294.1089387591;-159.1678689344;-278.9607227551;72.1529536557;-469.9341113048;39.8454328281;-454.5659465126
0.0000000000;0.0000000000;0.1326572743;0.1385192259;0.0000000000;0.0000000000;0.0000000000;0.0000000000;0.0000000000;0.0000000000;186.4180447894;-403.3769906543;149.8660367468;-389.2906148222;NaN;NaN;NaN;NaN;-103.5670698631;-291.7885741271;-123.8803433894;-259.9985657726;63.6366060247;-466.5725746674;26.4593638910;-448.8384134121
0.0000000000;0.0000000000;0.1645743962;0.1459207931;0.0000000000;0.0000000000;0.0000000000;0.0000000000;0.0000000000;0.0000000000;176.4260131524;-402.0092343690;144.4543908942;-389.9551215768;172.1045414572;-299.4999487299;205.0850505603;-305.8565328289;-104.0864376930;-288.9027862496;-134.3081682079;-267.4403111403;60.2134396986;-459.6397103308;26.8274371117;-442.8744872296
0.0000000000;0.0000000000;0.1797890156;0.1406837207;0.0000000000;0.0000000000;0.0000000000;0.0000000000;0.0000000000;0.0000000000;167.2711632010;-397.2466224448;137.7221344172;-380.3687267610;NaN;NaN;NaN;NaN;-135.3888573521;-298.2804970533;-155.3012911682;-275.2789240985;49.5078755687;-456.7072567733;17.5418574519;-443.7925686226
0.0000000000;0.0000000000;0.1954117810;0.0997377073;0.0000000000;0.0000000000;0.0000000000;0.0000000000;0.0000000000;0.0000000000;163.9895324679;-393.9630692652;129.2778738021;-376.6147218606;167.5422822303;-318.8444469336;200.8416704469;-327.7726912906;NaN;NaN;NaN;NaN;39.6207429999;-450.9886396206;4.4205946779;-435.0901711537
0.0000000000;0.0000000000;0.1367405917;0.1461951175;0.0000000000;0.0000000000;0.0000000000;0.0000000000;0.0000000000;0.0000000000;153.8294434800;-388.7079437304;121.3432344753;-369.5701688380;NaN;NaN;NaN;NaN;NaN;NaN;NaN;NaN;35.5191619353;-447.1805319245;2.1984581033;-434.8855572857
0.0000000000;0.0000000000;0.1520902838;0.1565947964;0.0000000000;0.0000000000;0.0000000000;0.0000000000;0.0000000000;0.0000000000;148.3258942615;-380.7929230373;115.6028468694;-361.6447646593;NaN;NaN;NaN;NaN;-124.4099185106;-292.5680573314;-154.2194536908;-274.9510942136;26.0837618817;-444.1205254329;-6.4838256668;-422.4064451335
0.0000000000;0.0000000000;0.1585087035;0.1516233880;0.0000000000;0.0000000000;0.0000000000;0.0000000000;0.0000000000;0.0000000000;136.1769889806;-383.4494317210;105.4720756089;-365.0966181889;NaN;NaN;NaN;NaN;-135.7823016157;-281.9253903776;-161.2302065975;-248.1062138842;15.4897355510;-439.3181095217;-14.8700628384;-418.8068003607
0.0000000000;0.0000000000;0.1608511041;0.1526126317;0.0000000000;0.0000000000;0.0000000000;0.0000000000;0.0000000000;0.0000000000;128.7995652767;-376.1627860572;103.5449673909;-352.6113049890;NaN;NaN;NaN;NaN;-138.5561900518;-329.8948350640;-164.7054792635;-309.0810012229;12.6120159980;-433.4975579616;-18.6743051867;-414.5039311914
0.0000000000;0.0000000000;0.1116112399;0.1137424995;0.0000000000;0.0000000000;0.0000000000;0.0000000000;0.0000000000;0.0000000000;120.2824947582;-367.8553711646;95.0647266695;-350.8013153192;179.8607533432;-325.7874522430;215.2610888617;-349.0307585892;NaN;NaN;NaN;NaN;0.9422282047;-429.4209718762;-24.5524614597;-412.6372246342
0.0000000000;0.0000000000;0.1587586914;0.1118890927;0.0000000000;0.0000000000;0.0000000000;0.0000000000;0.0000000000;0.0000000000;112.3854584170;-366.3988763337;90.5054018276;-341.7555707157;204.9805972148;-297.5667164362;241.6780558502;-299.5604469927;-133.2810363931;-319.8043011463;-156.9987448072;-292.1981896386;-2.4507708973;-422.5629354203;-29.8295492794;-404.2759621650
0.0000000000;0.0000000000;0.1541331964;0.1475490460;0.0000000000;0.0000000000;0.0000000000;0.0000000000;0.0000000000;0.0000000000;106.8543342396;-358.6643600515;80.6806235554;-337.0112168099;179.9618847137;-267.6325464002;216.1772137351;-266.3108792168;NaN;NaN;NaN;NaN;-7.8383013536;-418.7237620274;-39.8712163428;-401.9787652738
0.0000000000;0.0000000000;0.1349434365;0.1474755671;0.0000000000;0.0000000000;0.0000000000;0.0000000000;0.0000000000;0.0000000000;102.1339651674;-353.7635092055;72.6291121006;-329.9089010428;177.3775671574;-277.6179385791;211.2589448075;-290.2522971242;-120.5190855398;-306.9219949431;-152.0870167144;-281.4164809933;-16.9734246159;-417.0138548656;-44.7447600434;-393.7708325735
0.0000000000;0.0000000000;0.1857728200;0.1454409712;0.0000000000;0.0000000000;0.0000000000;0.0000000000;0.0000000000;0.0000000000;98.1116622901;-348.3468388545;65.2172093797;-328.1646562988;NaN;NaN;NaN;NaN;-108.8171318693;-272.2872238225;-133.2967733470;-248.1109346755;-24.9318388707;-407.5176036614;-51.8290367197;-384.3853485492
0.0000000000;0.0000000000;0.1550085740;0.1206676800;0.0000000000;0.0000000000;0.0000000000;0.0000000000;0.0000000000;0.0000000000;89.1954936266;-343.6513885988;60.8391228528;-321.4778828567;192.1491262356;-286.9343333482;222.5443023842;-293.7077266673;NaN;NaN;NaN;NaN;-31.1291751319;-404.4820686555;-61.0579615361;-379.2268655334
0.0000000000;0.0000000000;0.1139202947;0.1334587624;0.0000000000;0.0000000000;0.0000000000;0.0000000000;0.0000000000;0.0000000000;81.2790771918;-340.9893205871;56.3402543063;-313.1128937691;NaN;NaN;NaN;NaN;NaN;NaN;NaN;NaN;-37.7807908822;-397.9399999710;-65.3175386164;-373.3739530652
0.0000000000;0.0000000000;0.1246402567;0.1605604083;0.0000000000;0.0000000000;0.0000000000;0.0000000000;0.0000000000;0.0000000000;75.2763486505;-333.1355627755;49.9980091476;-307.9469909393;NaN;NaN;NaN;NaN;-110.9852523837;-300.0524435194;-138.3050087804;-276.0230898780;-44.1564837901;-394.6368596362;-68.4025780757;-369.5191800504
0.0000000000;0.0000000000;0.1683239926;0.1330104688;0.0000000000;0.0000000000;0.0000000000;0.0000000000;0.0000000000;0.0000000000;69.7985603348;-325.3516293939;42.8640292722;-300.8668654248;193.2980794221;-308.0354744638;229.4249407570;-321.3079785453;-109.2528207327;-302.2013558236;-122.8261924688;-271.9772765231;-51.8553251658;-386.7698991321;-77.0613689881;-361.8687828716
0.0000000000;0.0000000000;0.1755072887;0.1145153354;0.0000000000;0.0000000000;0.0000000000;0.0000000000;0.0000000000;0.0000000000;62.4649286733;-315.4950604844;39.6523091553;-295.3948540877;NaN;NaN;NaN;NaN;-141.7493668654;-307.3177673291;-161.4944971898;-274.0084410894;-59.9483249149;-383.2998686691;-82.9898127902;-353.0753003054
0.0000000000;0.0000000000;0.1547256517;0.1202241791;0.0000000000;0.0000000000;0.0000000000;0.0000000000;0.0000000000;0.0000000000;56.9063925991;-311.9743131105;29.3782542397;-288.7214077474;187.0728023953;-294.2773678387;221.6096202518;-307.6342238474;-127.9580102340;-280.4367992315;-149.2381287042;-257.8687883506;-64.8902178924;-372.4116690833;-84.3182975337;-346.3632060592
0.0000000000;0.0000000000;0.1525619435;0.1294582157;0.0000000000;0.0000000000;0.0000000000;0.0000000000;0.0000000000;0.0000000000;49.5829717600;-305.3969990971;30.6222261282;-280.4661138258;204.7001654966;-292.1762738383;239.3210458758;-306.3947224331;-109.0179705281;-326.4900568554;-139.0641693647;-311.1576013396;-68.9058818247;-368.3018426164;-93.6364673465;-340.7193619480
0.0000000000;0.0000000000;0.2096044790;0.1539424963;0.0000000000;0.0000000000;0.0000000000;0.0000000000;0.0000000000;0.0000000000;48.0878138723;-300.1863739963;18.9866777758;-275.9956880713;202.1330051286;-304.9389769038;237.5678387995;-322.1876483387;NaN;NaN;NaN;NaN;-72.4397411634;-358.1752631319;-97.5745527791;-336.8437904519
0.0000000000;0.0000000000;0.1838767484;0.1759987237;0.0000000000;0.0000000000;0.0000000000;0.0000000000;0.0000000000;0.0000000000;36.8238971932;-295.3606249210;16.8808744856;-267.4329457282;178.7698605523;-306.3675754581;212.7186843551;-314.3122429439;NaN;NaN;NaN;NaN;-82.5728370608;-354.1733229679;-98.9568398035;-329.1274507345
0.0000000000;0.0000000000;0.1762241694;0.1320403958;0.0000000000;0.0000000000;0.0000000000;0.0000000000;0.0000000000;0.0000000000;35.2136569041;-287.4641756205;10.1682379541;-261.6089386973;176.5703944165;-310.5781945404;212.1379153690;-318.5320591924;-103.4581740920;-318.8643679615;-128.7124713102;-296.8708787454;-89.2679647279;-348.9428726581;-108.3871933341;-317.4500457287
0.0000000000;0.0000000000;0.1420229340;0.1393246780;0.0000000000;0.0000000000;0.0000000000;0.0000000000;0.0000000000;0.0000000000;29.9318578508;-280.4497041199;3.6814015340;-255.6384982915;NaN;NaN;NaN;NaN;-111.4983343487;-298.2328172143;-135.7457301142;-273.5536456789;-92.1814407824;-340.4548374366;-112.7657310734;-312.3894111918
0.0000000000;0.0000000000;0.1243545091;0.1157113840;0.0000000000;0.0000000000;0.0000000000;0.0000000000;0.0000000000;0.0000000000;21.9089867699;-271.8844127912;3.6913680157;-247.7440607098;192.8625216779;-284.0298540429;231.8479698004;-283.7564729537;NaN;NaN;NaN;NaN;-94.8561357124;-333.1971326182;-117.4476248256;-303.6466077166
0.0000000000;0.0000000000;0.1084752043;0.1506646016;0.0000000000;0.0000000000;0.0000000000;0.0000000000;0.0000000000;0.0000000000;20.9489303720;-264.4468110320;-4.7757492265;-235.7334748243;NaN;NaN;NaN;NaN;-118.2288334641;-313.0578591602;-144.3537887130;-287.0594093207;-103.0418687953;-327.7449820072;-124.0135516504;-297.3551003571
0.0000000000;0.0000000000;0.1404427417;0.1171820266;0.0000000000;0.0000000000;0.0000000000;0.0000000000;0.0000000000;0.0000000000;12.2271291587;-259.4399355766;-7.0200948031;-231.9692630506;NaN;NaN;NaN;NaN;-110.8910280184;-316.5815273065;-118.1447290094;-280.0337135835;-103.9623848759;-319.1608835124;-123.3850389573;-287.3770719626
0.0000000000;0.0000000000;0.1399698972;0.1613895750;0.0000000000;0.0000000000;0.0000000000;0.0000000000;0.0000000000;0.0000000000;9.6055346246;-249.4441545173;-11.6947677213;-222.9526798636;NaN;NaN;NaN;NaN;-109.9291438641;-289.9907407847;-133.9655285036;-261.2847446808;-111.5731977260;-311.7643901999;-133.4341879240;-282.0616133368
0.0000000000;0.0000000000;0.1539300409;0.1534087595;0.0000000000;0.0000000000;0.0000000000;0.0000000000;0.0000000000;0.0000000000;4.5499150912;-246.4681377844;-15.7210026354;-215.8746132486;179.3125793732;-303.1707531429;210.6783398925;-291.8900542574;NaN;NaN;NaN;NaN;-117.3012007059;-308.9925441990;-138.6577901289;-277.7949411672
0.0000000000;0.0000000000;0.1616688276;0.1824649033;0.0000000000;0.0000000000;0.0000000000;0.0000000000;0.0000000000;0.0000000000;-4.9889999557;-237.2850033382;-22.5242913457;-203.7882241942;NaN;NaN;NaN;NaN;-119.8145151629;-309.5036398289;-132.8805793835;-271.5453987947;-124.3589103527;-298.8272523346;-143.3001824180;-266.6715318213
0.0000000000;0.0000000000;0.1720711888;0.1784372979;0.0000000000;0.0000000000;0.0000000000;0.0000000000;0.0000000000;0.0000000000;-4.7210905626;-229.8527219061;-22.8897887987;-200.8721547366;NaN;NaN;NaN;NaN;-124.1826057045;-295.9016150300;-152.2345256288;-277.4072318644;-126.5813160817;-293.4878748578;-142.5340662044;-261.9535006394
0.0000000000;0.0000000000;0.1488717404;0.1679551642;0.0000000000;0.0000000000;0.0000000000;0.0000000000;0.0000000000;0.0000000000;-11.9297751352;-222.2349331758;-29.1312518135;-190.3413927561;174.2779051249;-310.3038140712;209.3495385806;-310.7254166897;-119.4169838215;-291.5821973796;-151.4700133906;-272.6027184398;-130.1233845988;-281.4337633250;-146.1771125050;-256.8506237386
0.0000000000;0.0000000000;0.1328391608;0.1524534903;0.0000000000;0.0000000000;0.0000000000;0.0000000000;0.0000000000;0.0000000000;-14.1857108037;-215.7575615243;-32.3380913129;-184.5599356769;165.7494572255;-313.9978060259;202.1749129721;-305.7135274926;NaN;NaN;NaN;NaN;-132.8659976238;-275.4569340085;-153.4503525356;-245.8171677461
0.0000000000;0.0000000000;0.1634525104;0.1313646246;0.0000000000;0.0000000000;0.0000000000;0.0000000000;0.0000000000;0.0000000000;-19.2434824430;-210.9482054204;-35.9516147644;-177.1035088058;184.7317663974;-298.7678177378;222.0428688262;-307.5224651661;-129.2669530165;-319.7710326335;-149.2947191019;-295.8374290871;-139.1876721393;-271.0967021882;-153.3604648279;-232.8036403094
0.0000000000;0.0000000000;0.1778315474;0.1467792880;0.0000000000;0.0000000000;0.0000000000;0.0000000000;0.0000000000;0.0000000000;-24.7547246411;-201.5208194400;-36.6485291662;-168.1451623320;177.8096705598;-299.8818701642;212.7545025949;-305.1227691486;-98.7515836778;-303.3786505833;-125.1278711472;-273.8942149444;-142.0159457446;-261.1728959758;-155.5744186375;-227.7293007937
0.0000000000;0.0000000000;0.1565592448;0.1312900687;0.0000000000;0.0000000000;0.0000000000;0.0000000000;0.0000000000;0.0000000000;-26.9605254452;-190.4359977673;-38.1396581481;-158.7485906223;179.6220092844;-314.5979323292;211.3636068833;-317.7254499784;NaN;NaN;NaN;NaN;-143.1206345385;-252.3542560686;-158.6349989316;-221.2882909022
0.0000000000;0.0000000000;0.1123374514;0.1571901490;0.0000000000;0.0000000000;0.0000000000;0.0000000000;0.0000000000;0.0000000000;-29.9359456015;-183.1338001723;-43.8769253490;-153.8126559883;NaN;NaN;NaN;NaN;-100.6450203680;-304.4210103889;-122.7941170022;-276.4497807385;-150.6394728101;-247.2732803870;-162.2285914990;-206.2464511696
0.0000000000;0.0000000000;0.1594228057;0.1313443281;0.0000000000;0.0000000000;0.0000000000;0.0000000000;0.0000000000;0.0000000000;-31.5195228655;-177.4154290079;-44.5737066704;-140.7715998678;NaN;NaN;NaN;NaN;NaN;NaN;NaN;NaN;-148.6837854270;-236.6987241046;-168.6510231478;-203.2620279791
0.0000000000;0.0000000000;0.1135887766;0.1814440153;0.0000000000;0.0000000000;0.0000000000;0.0000000000;0.0000000000;0.0000000000;-37.2062179904;-168.2719318904;-50.0051527481;-134.1847664481;NaN;NaN;NaN;NaN;-116.7379826624;-300.4882835733;-142.0341405950;-277.5290364721;-152.7727952593;-230.4550806064;-170.7450338542;-195.7116619351
0.0000000000;0.0000000000;0.1412652539;0.1523773307;0.0000000000;0.0000000000;0.0000000000;0.0000000000;0.0000000000;0.0000000000;-39.6654232382;-164.0880373371;-49.5062112145;-125.3529971680;177.8761571008;-301.9033061332;212.8364944698;-296.6115667794;-128.6490013705;-294.9306102821;-153.3396818351;-271.5260925141;-159.2823432071;-221.4947717990;-169.5520540689;-187.7921318758
0.0000000000;0.0000000000;0.1596046782;0.1496793821;0.0000000000;0.0000000000;0.0000000000;0.0000000000;0.0000000000;0.0000000000;-42.5978274643;-153.5227222215;-53.7994911870;-117.3635427333;NaN;NaN;NaN;NaN;NaN;NaN;NaN;NaN;-162.3958093582;-212.6711643874;-175.6186047958;-177.4577673862
0.0000000000;0.0000000000;0.1106591365;0.1298940157;0.0000000000;0.0000000000;0.0000000000;0.0000000000;0.0000000000;0.0000000000;-42.1922006348;-143.6708859836;-55.3178200942;-109.4902803161;NaN;NaN;NaN;NaN;-111.1192258929;-306.9315096878;-132.9102861046;-279.7793826398;-166.6368216967;-201.0971003833;-176.0739215571;-169.4203558856
0.0000000000;0.0000000000;0.1712869962;0.1128964948;0.0000000000;0.0000000000;0.0000000000;0.0000000000;0.0000000000;0.0000000000;-46.9654749300;-133.0497924045;-59.9387823720;-99.8016507142;NaN;NaN;NaN;NaN;NaN;NaN;NaN;NaN;-167.0803934967;-196.3877782146;-176.7164295809;-160.2289783995
0.0000000000;0.0000000000;0.1874087634;0.1057118191;0.0000000000;0.0000000000;0.0000000000;0.0000000000;0.0000000000;0.0000000000;-48.0081918027;-127.0374338800;-57.4700257516;-92.5458247455;171.0197409057;-292.6476819039;208.9209936332;-293.9187949116;-126.8410662551;-290.6369809299;-147.7923125579;-265.9934353105;-168.8737463329;-188.4176037507;-180.3793500314;-150.9620365338
0.0000000000;0.0000000000;0.1895357306;0.1192703764;0.0000000000;0.0000000000;0.0000000000;0.0000000000;0.0000000000;0.0000000000;-51.1555770196;-120.7894243482;-62.9850821250;-83.9664130110;NaN;NaN;NaN;NaN;-122.7109721103;-296.4595198290;-153.1368114085;-288.0625275906;-170.4425015090;-179.1965263428;-180.6917173414;-140.6659197168
0.0000000000;0.0000000000;0.1181036453;0.1215634582;0.0000000000;0.0000000000;0.0000000000;0.0000000000;0.0000000000;0.0000000000;-51.3821471765;-107.8504435216;-63.0431286927;-77.8979298546;NaN;NaN;NaN;NaN;NaN;NaN;NaN;NaN;-175.8971560485;-170.4166250574;-180.4527792367;-135.5286519894
0.0000000000;0.0000000000;0.1575492384;0.1447401207;0.0000000000;0.0000000000;0.0000000000;0.0000000000;0.0000000000;0.0000000000;-57.2085069163;-99.7390456022;-64.1619012813;-61.4234608463;150.9904063658;-305.4481178883;181.3733282957;-322.8619381828;-129.5582598559;-308.5138023208;-159.9019882660;-284.8861073226;-174.2519409519;-159.5682976534;-181.7195552336;-126.6219119785
0.0000000000;0.0000000000;0.1359219822;0.1632502543;0.0000000000;0.0000000000;0.0000000000;0.0000000000;0.0000000000;0.0000000000;-57.8866693575;-95.5819066309;-61.6108497405;-61.1669362813;NaN;NaN;NaN;NaN;-140.3078224075;-288.6488534821;-148.9100909667;-258.2645936041;-175.9916550133;-153.6556848948;-184.6812709142;-115.9645795899
0.0000000000;0.0000000000;0.1405685909;0.1301425919;0.0000000000;0.0000000000;0.0000000000;0.0000000000;0.0000000000;0.0000000000;-58.6670771863;-81.9812088740;-66.9521630486;-48.7522540474;NaN;NaN;NaN;NaN;-119.9333334406;-290.7172340830;-140.2344974670;-267.2079820141;-179.2819722445;-146.7009063828;-183.6428401438;-107.7407914024
0.0000000000;0.0000000000;0.1290880689;0.1603496669;0.0000000000;0.0000000000;0.0000000000;0.0000000000;0.0000000000;0.0000000000;-58.7856234044;-79.2708624875;-66.3112319799;-39.9882856462;NaN;NaN;NaN;NaN;NaN;NaN;NaN;NaN;-182.0534549883;-135.8445677719;-185.1292212608;-102.0907685336
0.0000000000;0.0000000000;0.1164980895;0.1261776919;0.0000000000;0.0000000000;0.0000000000;0.0000000000;0.0000000000;0.0000000000;-60.9476837170;-67.0133104256;-65.9971006718;-33.3722520651;177.6738978672;-285.7353417832;206.6849441718;-300.5621601238;NaN;NaN;NaN;NaN;-180.8414945320;-129.7186395872;-185.2769997774;-90.8786492798
0.0000000000;0.0000000000;0.1470357564;0.1813702556;0.0000000000;0.0000000000;0.0000000000;0.0000000000;0.0000000000;0.0000000000;-61.9538251854;-58.5545661539;-65.0009483291;-21.5157132580;194.1673680610;-284.4255745762;225.1525545712;-296.0515008980;NaN;NaN;NaN;NaN;-182.9186950733;-120.9213757263;-185.1394332126;-84.5237711369
0.0000000000;0.0000000000;0.1196166335;0.1581691291;0.0000000000;0.0000000000;0.0000000000;0.0000000000;0.0000000000;0.0000000000;-62.4593418391;-51.2996194980;-65.8047264918;-14.0735855908;177.8688826378;-330.1085279117;213.2382391180;-329.0487725036;-121.7246284896;-286.2125557588;-143.2349533037;-250.2093704059;-183.2503902681;-112.2536281109;-186.0233222705;-74.9338099213
0.0000000000;0.0000000000;0.1315671051;0.1044436027;0.0000000000;0.0000000000;0.0000000000;0.0000000000;0.0000000000;0.0000000000;-63.0887132727;-39.0708243585;-66.6526153600;-3.1081315538;NaN;NaN;NaN;NaN;NaN;NaN;NaN;NaN;-185.3190467540;-102.5885024561;-185.4121695508;-62.9508557967
0.0000000000;0.0000000000;0.1434451893;0.1502456811;0.0000000000;0.0000000000;0.0000000000;0.0000000000;0.0000000000;0.0000000000;-65.8862736798;-32.6873104944;-68.7292878076;4.0605640720;175.2676220285;-293.2986306453;210.6481138640;-287.6070422888;-140.4670216574;-278.6038886543;-158.8237888388;-255.2380443788;-183.9464346317;-91.8775459356;-182.0909839658;-55.9665288293
0.0000000000;0.0000000000;0.1590778234;0.1793630817;0.0000000000;0.0000000000;0.0000000000;0.0000000000;0.0000000000;0.0000000000;-65.8898085700;-25.3848573631;-60.6423175742;12.6604818199;NaN;NaN;NaN;NaN;NaN;NaN;NaN;NaN;-187.0101303929;-82.2351601314;-183.5434761988;-50.1223240971
0.0000000000;0.0000000000;0.1555756945;0.1400338948;0.0000000000;0.0000000000;0.0000000000;0.0000000000;0.0000000000;0.0000000000;-65.5999430846;-16.6895121422;-66.9933163502;20.4056418876;171.7754119868;-284.2838910728;206.5972409388;-301.6743738668;NaN;NaN;NaN;NaN;-186.0824404015;-74.0483507942;-186.7157340076;-39.7310349263
0.0000000000;0.0000000000;0.1507164473;0.1370562108;0.0000000000;0.0000000000;0.0000000000;0.0000000000;0.0000000000;0.0000000000;-63.6524399832;-6.1780481977;-62.7218906496;31.7428894054;191.8867585218;-282.5014931497;225.6224147497;-289.9972564212;NaN;NaN;NaN;NaN;-180.9045639662;-65.9603835516;-186.6541880725;-30.8767524044
0.0000000000;0.0000000000;0.1418532902;0.0942416001;0.0000000000;0.0000000000;0.0000000000;0.0000000000;0.0000000000;0.0000000000;-66.8121162528;3.1391477373;-62.1754523341;37.3911754488;176.7297560655;-304.8308006041;213.0101130157;-309.9045371726;NaN;NaN;NaN;NaN;-186.4327355734;-58.2545093841;-183.3597020676;-17.0779766641
0.0000000000;0.0000000000;0.1668952761;0.1183050971;0.0000000000;0.0000000000;0.0000000000;0.0000000000;0.0000000000;0.0000000000;-63.9353319592;10.0108965139;-58.9686626611;46.1800501214;NaN;NaN;NaN;NaN;NaN;NaN;NaN;NaN;-183.8150357787;-48.8240811108;-183.0188343727;-11.2941741117
0.0000000000;0.0000000000;0.1465055595;0.0871245424;0.0000000000;0.0000000000;0.0000000000;0.0000000000;0.0000000000;0.0000000000;-64.1018438364;18.7525484153;-56.8972696343;54.0787921966;193.7817795699;-296.2023222862;228.0511215064;-301.3187236611;-132.8799047976;-303.6403709450;-162.7476536898;-284.7587229430;-181.5323232414;-43.1679486756;-180.5016039822;-5.0461091838
0.0000000000;0.0000000000;0.2041956175;0.0912307376;0.0000000000;0.0000000000;0.0000000000;0.0000000000;0.0000000000;0.0000000000;-63.3094355245;32.7332990034;-53.2683122912;59.1211171186;152.4791116587;-301.4161635372;189.0642914214;-307.8016720138;NaN;NaN;NaN;NaN;-183.1032537001;-32.1717324179;-174.1237781066;2.9142290933
0.0000000000;0.0000000000;0.1369528132;0.0821297802;0.0000000000;0.0000000000;0.0000000000;0.0000000000;0.0000000000;0.0000000000;-59.7705332412;32.0666369373;-50.3299198062;69.5054773905;161.7349034125;-309.6251119009;199.7042623347;-305.8062881741;NaN;NaN;NaN;NaN;-182.6260708825;-23.6171824206;-168.0605666839;5.0737318776
0.0000000000;0.0000000000;0.1396373730;0.0802504664;0.0000000000;0.0000000000;0.0000000000;0.0000000000;0.0000000000;0.0000000000;-62.7664461133;36.7058344989;-41.3728582085;73.3287772284;NaN;NaN;NaN;NaN;-124.7215663427;-280.7715905238;-141.4228201607;-243.4876021821;-177.2083881231;-20.0741993340;-162.2875334183;14.9973215415
0.0000000000;0.0000000000;0.1625033896;0.0717342009;0.0000000000;0.0000000000;0.0000000000;0.0000000000;0.0000000000;0.0000000000;-53.5791743785;49.4535435837;-35.0227166885;77.2653762472;NaN;NaN;NaN;NaN;NaN;NaN;NaN;NaN;-170.9632837093;-11.5039110642;-151.2815742554;18.0218112814
0.0000000000;0.0000000000;0.1275802763;0.0577731989;0.0000000000;0.0000000000;0.0000000000;0.0000000000;0.0000000000;0.0000000000;-48.5683490323;54.3121362236;-29.3659001984;80.6564677247;NaN;NaN;NaN;NaN;NaN;NaN;NaN;NaN;-172.1619623044;-6.4167546605;-143.8984013728;19.8580026281
0.0000000000;0.0000000000;0.1555425328;0.0854625021;0.0000000000;0.0000000000;0.0000000000;0.0000000000;0.0000000000;0.0000000000;-47.6507890552;58.3501660677;-15.2615459336;78.5707599406;NaN;NaN;NaN;NaN;-143.9641697926;-311.2396069270;-177.5961484382;-296.2876503970;-167.9316894353;-4.4146061413;-138.0957259234;23.5722930610
0.0000000000;0.0000000000;0.1431537923;0.0991267620;0.0000000000;0.0000000000;0.0000000000;0.0000000000;0.0000000000;0.0000000000;-45.4392440268;57.4408062407;-9.0713865285;82.3631542674;NaN;NaN;NaN;NaN;NaN;NaN;NaN;NaN;-158.1125088365;-0.9263809698;-133.0623986125;20.5066782956
0.0000000000;0.0000000000;0.1089624962;0.0869603130;0.0000000000;0.0000000000;0.0000000000;0.0000000000;0.0000000000;0.0000000000;-34.8452078486;64.7516406035;2.4747930771;81.0896644768;175.5194517142;-289.0881955557;210.5020678385;-289.7670414046;-141.0682035739;-288.9896421384;-168.6578040550;-270.6350546167;-156.4080882144;3.2352274824;-123.1842098663;17.8171887874
0.0000000000;0.0000000000;0.1385745898;0.0768978670;0.0000000000;0.0000000000;0.0000000000;0.0000000000;0.0000000000;0.0000000000;-29.1239134361;64.0930729418;5.0876497710;78.1901737462;NaN;NaN;NaN;NaN;-121.2787558022;-315.5915987287;-156.4473050306;-306.4311764858;-150.1672433308;5.1634382019;-113.4430199047;20.7369012580
0.0000000000;0.0000000000;0.1661788959;0.0630990568;0.0000000000;0.0000000000;0.0000000000;0.0000000000;0.0000000000;0.0000000000;-18.3316095020;71.9278622227;13.6725730867;74.4938194779;197.7772249827;-303.1412960544;232.3201947352;-291.3509704159;NaN;NaN;NaN;NaN;-142.4973189332;8.5310328421;-103.9999042295;16.6928867876
0.0000000000;0.0000000000;0.1935950940;0.0850854220;0.0000000000;0.0000000000;0.0000000000;0.0000000000;0.0000000000;0.0000000000;-14.2391914207;70.5025846193;21.0483738289;68.5549073075;187.7708281343;-295.4929970989;223.9411906529;-302.5210633244;-141.0240405608;-298.4866171976;-162.5836955051;-268.2574863113;-130.9683112558;8.3711953470;-98.1599542749;12.0099932025
0.0000000000;0.0000000000;0.1773278256;0.0810351890;0.0000000000;0.0000000000;0.0000000000;0.0000000000;0.0000000000;0.0000000000;-6.8303903579;70.7729579313;28.1836873782;64.8595281823;182.1689902379;-276.6001737753;222.3727648933;-274.9885331079;NaN;NaN;NaN;NaN;-129.4932492667;10.1312359482;-91.1055578215;2.9031796780
0.0000000000;0.0000000000;0.1419363287;0.0997985469;0.0000000000;0.0000000000;0.0000000000;0.0000000000;0.0000000000;0.0000000000;-2.3351546552;68.2145921637;37.1926940138;59.5967604395;NaN;NaN;NaN;NaN;-125.1180317762;-283.2216407486;-148.4168199534;-257.6576401486;-121.1694638151;2.9725699036;-85.0296943704;1.7584586378
0.0000000000;0.0000000000;0.1211736193;0.0851401117;0.0000000000;0.0000000000;0.0000000000;0.0000000000;0.0000000000;0.0000000000;9.0048385611;62.7516211984;40.3016626327;52.1367822390;171.7387458898;-286.7111325306;206.9229892998;-294.8360419310;NaN;NaN;NaN;NaN;-116.6998154101;1.2926607037;-76.1929868788;-10.1236747223
0.0000000000;0.0000000000;0.1289491783;0.0983734609;0.0000000000;0.0000000000;0.0000000000;0.0000000000;0.0000000000;0.0000000000;13.4071136690;63.9598845606;43.5497092648;44.5455065875;192.0268068233;-325.6423323581;220.0965330287;-332.8189088049;-138.9047187269;-292.8623296794;-161.2942830583;-266.8278770673;-105.9748565305;3.5323901733;-74.8720158786;-15.0825411411
0.0000000000;0.0000000000;0.2081946836;0.0717869682;0.0000000000;0.0000000000;0.0000000000;0.0000000000;0.0000000000;0.0000000000;19.7691307796;56.8773757870;45.9494027769;36.7544077782;NaN;NaN;NaN;NaN;NaN;NaN;NaN;NaN;-105.3655186055;-5.7418000648;-71.3709573742;-25.1046747837
0.0000000000;0.0000000000;0.1240270220;0.0827984026;0.0000000000;0.0000000000;0.0000000000;0.0000000000;0.0000000000;0.0000000000;23.1902998638;51.9226747108;47.6273536247;29.9584888649;194.7818321538;-309.1206004231;228.6376978866;-318.9146536009;NaN;NaN;NaN;NaN;-95.6222980193;-3.3930913650;-72.6439937203;-31.9994826639
0.0000000000;0.0000000000;0.1741218606;0.0750385843;0.0000000000;0.0000000000;0.0000000000;0.0000000000;0.0000000000;0.0000000000;29.5933750088;47.9428769110;48.9619414210;18.7332339497;186.0143444977;-321.1182774261;224.1504158755;-321.7837522177;NaN;NaN;NaN;NaN;-95.2330413955;-9.7850440952;-71.0197643563;-39.3049232441
0.0000000000;0.0000000000;0.1585428501;0.0803718940;0.0000000000;0.0000000000;0.0000000000;0.0000000000;0.0000000000;0.0000000000;32.2130980440;41.4579051736;47.6219667983;6.7481299327;NaN;NaN;NaN;NaN;-130.1948297963;-313.1459730545;-158.5747653538;-297.6008413812;-88.9348544606;-20.5956377122;-70.5470828891;-49.0947003183
0.0000000000;0.0000000000;0.1163904753;0.1032492115;0.0000000000;0.0000000000;0.0000000000;0.0000000000;0.0000000000;0.0000000000;35.4646515926;35.5114795127;45.3867917747;4.4624915885;183.0943123107;-286.2377693421;212.8162329948;-308.0285192238;NaN;NaN;NaN;NaN;-86.7499438088;-25.8198499723;-72.5980844094;-55.8767678356
0.0000000000;0.0000000000;0.1415786808;0.1421595194;0.0000000000;0.0000000000;0.0000000000;0.0000000000;0.0000000000;0.0000000000;37.5709075555;25.8198066341;48.0379671740;-7.2705211188;184.3566197916;-309.2430558792;213.9937587679;-312.9373332285;-108.8570108327;-311.4980518556;-127.3213842930;-276.9910292161;-78.9910194473;-33.7388391351;-69.3295581578;-65.6368556409
0.0000000000;0.0000000000;0.1241315266;0.1179048135;0.0000000000;0.0000000000;0.0000000000;0.0000000000;0.0000000000;0.0000000000;37.3075957815;21.1095851075;50.5643909768;-13.5424903898;NaN;NaN;NaN;NaN;NaN;NaN;NaN;NaN;-82.6136902061;-42.3857490023;-72.6013661077;-69.3508048685
0.0000000000;0.0000000000;0.1425360083;0.1361860246;0.0000000000;0.0000000000;0.0000000000;0.0000000000;0.0000000000;0.0000000000;41.8939794776;10.7958843333;46.5445504858;-24.6475707770;NaN;NaN;NaN;NaN;NaN;NaN;NaN;NaN;-80.7138824097;-44.9696246517;-69.7897521489;-82.5579585044
0.0000000000;0.0000000000;0.1623457160;0.1638390045;0.0000000000;0.0000000000;0.0000000000;0.0000000000;0.0000000000;0.0000000000;38.7352044658;3.9720913338;53.5762501807;-32.8319879407;196.0298398962;-307.5783156576;227.5011364302;-326.0487775119;-119.3913394240;-297.5201764812;-145.4087246522;-270.9978391371;-73.5535177626;-58.4290542430;-73.8555244391;-92.0077059749
0.0000000000;0.0000000000;0.1317649025;0.1285988082;0.0000000000;0.0000000000;0.0000000000;0.0000000000;0.0000000000;0.0000000000;43.8582094388;-2.8959092413;53.8057196875;-42.9708060246;172.7820626629;-299.5580087241;201.2866569572;-296.3913174051;NaN;NaN;NaN;NaN;-74.3493424751;-67.6333445440;-67.6139709973;-102.8313727526
0.0000000000;0.0000000000;0.1477627236;0.1530898358;0.0000000000;0.0000000000;0.0000000000;0.0000000000;0.0000000000;0.0000000000;47.3451317315;-12.7853837057;52.2197839406;-51.7720205597;NaN;NaN;NaN;NaN;NaN;NaN;NaN;NaN;-74.5368025565;-75.0650764711;-62.8442063726;-112.6552483635
0.0000000000;0.0000000000;0.1369988809;0.1413589481;0.0000000000;0.0000000000;0.0000000000;0.0000000000;0.0000000000;0.0000000000;49.0555807966;-25.0235809063;55.3976166257;-55.9921356930;190.4737357226;-309.9670863031;224.2366108394;-317.0943327463;-98.4951203629;-291.2190575038;-132.6967049459;-272.4261650740;-70.8399048816;-80.5428974327;-67.3342277005;-117.9741981710
0.0000000000;0.0000000000;0.1394695577;0.1961763070;0.0000000000;0.0000000000;0.0000000000;0.0000000000;0.0000000000;0.0000000000;52.0517960477;-31.1042238632;54.7048669636;-65.7237319128;NaN;NaN;NaN;NaN;-115.5829930403;-300.7552757626;-134.7525611161;-268.1301277421;-73.2529466926;-93.0316305229;-61.3220261567;-126.4412154066
0.0000000000;0.0000000000;0.1661852155;0.1517546117;0.0000000000;0.0000000000;0.0000000000;0.0000000000;0.0000000000;0.0000000000;52.2856562879;-41.9398477384;59.9492059752;-75.0479187222;185.9336697669;-292.0752144461;219.8884261057;-304.5802974221;-112.3410832751;-316.6226391301;-142.6354103731;-292.5793659058;-67.6023508614;-102.0205310040;-64.1290673251;-134.3562138862
0.0000000000;0.0000000000;0.1763596053;0.1410641662;0.0000000000;0.0000000000;0.0000000000;0.0000000000;0.0000000000;0.0000000000;54.4620473237;-52.9230634685;60.8525776630;-86.6747402348;NaN;NaN;NaN;NaN;NaN;NaN;NaN;NaN;-68.8934825809;-112.4142947400;-58.0649230099;-145.3563137298
0.0000000000;0.0000000000;0.1716378473;0.1645932613;0.0000000000;0.0000000000;0.0000000000;0.0000000000;0.0000000000;0.0000000000;58.3558139364;-57.9252773538;58.1636322204;-93.2856171553;NaN;NaN;NaN;NaN;NaN;NaN;NaN;NaN;-64.1984094172;-116.2561907525;-58.7972489863;-155.9965869701
0.0000000000;0.0000000000;0.1400869178;0.1749830846;0.0000000000;0.0000000000;0.0000000000;0.0000000000;0.0000000000;0.0000000000;55.1721485327;-70.7930243715;64.3381532543;-101.3109165297;NaN;NaN;NaN;NaN;-109.0801631159;-290.0453529744;-131.9911994080;-260.0865916077;-65.0729699244;-129.4882934544;-56.3384083142;-164.6785215721
0.0000000000;0.0000000000;0.1829380997;0.1244386732;0.0000000000;0.0000000000;0.0000000000;0.0000000000;0.0000000000;0.0000000000;58.3905774779;-74.9233669527;61.3862950785;-115.2868231026;188.4200880310;-301.1595206509;225.3566968045;-299.6419738050;NaN;NaN;NaN;NaN;-67.4487539144;-137.6477793426;-58.8779997053;-172.3574132448
0.0000000000;0.0000000000;0.1366064014;0.1313621609;0.0000000000;0.0000000000;0.0000000000;0.0000000000;0.0000000000;0.0000000000;59.0003595249;-86.0822799654;58.1698397361;-118.3242678083;178.5330219069;-294.4036513105;211.5356783407;-296.4803723802;NaN;NaN;NaN;NaN;-64.5918501574;-141.2118051128;-58.4944692900;-180.1094398951
0.0000000000;0.0000000000;0.1126575557;0.1401253869;0.0000000000;0.0000000000;0.0000000000;0.0000000000;0.0000000000;0.0000000000;60.1403701584;-95.2934046400;61.3100737571;-129.3015294950;NaN;NaN;NaN;NaN;-111.2916457378;-302.5937467295;-144.4384666486;-278.8641909112;-61.6646237932;-151.9328264276;-55.6678840473;-190.4521148391
0.0000000000;0.0000000000;0.1633219560;0.0927236701;0.0000000000;0.0000000000;0.0000000000;0.0000000000;0.0000000000;0.0000000000;57.8577130023;-98.7218663259;58.8068517607;-135.8820676826;180.7165088683;-322.6637643782;215.6800856956;-333.6475322885;NaN;NaN;NaN;NaN;-59.9236972355;-160.6838391354;-57.4552604752;-199.1640537181
0.0000000000;0.0000000000;0.1497105453;0.1400822526;0.0000000000;0.0000000000;0.0000000000;0.0000000000;0.0000000000;0.0000000000;60.5220256398;-109.4923171658;61.7807921594;-145.9093328497;NaN;NaN;NaN;NaN;NaN;NaN;NaN;NaN;-59.2515131529;-168.8954854513;-55.4456928913;-204.3987106709
0.0000000000;0.0000000000;0.1175040533;0.1110813067;0.0000000000;0.0000000000;0.0000000000;0.0000000000;0.0000000000;0.0000000000;61.6987974483;-117.8946145510;62.8694312352;-156.8394359381;196.7904296565;-284.9600093476;232.8152747435;-289.1434200567;-134.5734660733;-325.6869153850;-159.5506901783;-301.7395416231;-58.1582482551;-175.6548378137;-58.4480356267;-216.0924510994
0.0000000000;0.0000000000;0.1582297887;0.1574428828;0.0000000000;0.0000000000;0.0000000000;0.0000000000;0.0000000000;0.0000000000;62.7905460653;-128.2093232429;62.4633113837;-164.8899151219;178.0018355090;-309.2761334893;213.3855855792;-304.7133131629;NaN;NaN;NaN;NaN;-59.3498057489;-186.3462700396;-58.6005107413;-222.8312654444
0.0000000000;0.0000000000;0.1408630511;0.1536707186;0.0000000000;0.0000000000;0.0000000000;0.0000000000;0.0000000000;0.0000000000;61.8891972045;-139.3580909841;61.0317485229;-172.4995608487;191.5965125897;-300.0989017725;222.0286662653;-302.9857635023;-127.7522250260;-317.9127185450;-150.4145513312;-287.9544065285;-60.6407724116;-196.0775727067;-58.9224730964;-232.1467558115
0.0000000000;0.0000000000;0.1105476817;0.1928570018;0.0000000000;0.0000000000;0.0000000000;0.0000000000;0.0000000000;0.0000000000;65.1964013579;-148.9621036192;61.7785078460;-178.9917505183;NaN;NaN;NaN;NaN;NaN;NaN;NaN;NaN;-59.2359919599;-204.6939025810;-61.1358757772;-240.8664762127
0.0000000000;0.0000000000;0.0928539700;0.1515027897;0.0000000000;0.0000000000;0.0000000000;0.0000000000;0.0000000000;0.0000000000;58.7918985127;-154.9976375917;64.0893695112;-192.2509234153;211.3365204920;-295.0808597294;245.9801738157;-306.0117077262;NaN;NaN;NaN;NaN;-61.1768462965;-214.7349440918;-58.2922482108;-249.8322632331
0.0000000000;0.0000000000;0.1044569931;0.2083593277;0.0000000000;0.0000000000;0.0000000000;0.0000000000;0.0000000000;0.0000000000;61.8972594276;-161.0236826424;62.7753062245;-199.8017845841;189.7274458919;-297.4636367012;222.9770462358;-299.2361388938;NaN;NaN;NaN;NaN;-59.1333529244;-224.9852913729;-58.3237364005;-257.3862790695
0.0000000000;0.0000000000;0.0797932141;0.1229937197;0.0000000000;0.0000000000;0.0000000000;0.0000000000;0.0000000000;0.0000000000;60.9148101306;-171.1856286871;67.8222795574;-204.1117356725;162.8053362037;-288.2484201600;204.2682319887;-295.9214486389;-115.1541704006;-288.4285590960;-133.6074982199;-259.0995257925;-60.8633480216;-229.1801390686;-53.7176648964;-267.3568260117
0.0000000000;0.0000000000;0.1160182209;0.1689803682;0.0000000000;0.0000000000;0.0000000000;0.0000000000;0.0000000000;0.0000000000;63.1812389089;-180.5730940232;72.3111374907;-210.9174662632;173.4326565434;-320.4499862620;213.7663564947;-318.9749361434;NaN;NaN;NaN;NaN;-56.7455913722;-236.4598612098;-52.4900763496;-272.3268175892
0.0000000000;0.0000000000;0.1399207293;0.1426511186;0.0000000000;0.0000000000;0.0000000000;0.0000000000;0.0000000000;0.0000000000;63.0635405764;-185.1429078861;73.6528999585;-222.6376355101;179.9631843346;-298.1642667217;214.9070900764;-308.8246952665;NaN;NaN;NaN;NaN;-54.8633473460;-246.8190877568;-48.9056870923;-279.0383788604
0.0000000000;0.0000000000;0.1603591207;0.1435360276;0.0000000000;0.0000000000;0.0000000000;0.0000000000;0.0000000000;0.0000000000;64.3550106989;-192.8393828074;80.0513988724;-232.0592137595;NaN;NaN;NaN;NaN;NaN;NaN;NaN;NaN;-52.6060495355;-254.4396566265;-43.1217149542;-286.2652750751
0.0000000000;0.0000000000;0.1388865415;0.1653436401;0.0000000000;0.0000000000;0.0000000000;0.0000000000;0.0000000000;0.0000000000;71.7488919335;-199.6029411211;82.6674012122;-236.8643280971;163.7347126563;-278.0863087290;200.9188894303;-271.0924135082;-100.6145224128;-297.4942006198;-126.9766839697;-269.9986171797;-52.4462017537;-259.3454943391;-38.9635813957;-297.2779598522
0.0000000000;0.0000000000;0.1401038494;0.1564530741;0.0000000000;0.0000000000;0.0000000000;0.0000000000;0.0000000000;0.0000000000;74.2620205074;-206.8771648375;86.8748401449;-240.2550909825;NaN;NaN;NaN;NaN;NaN;NaN;NaN;NaN;-47.1970892841;-269.8518916257;-35.1225965586;-301.4049180689
0.0000000000;0.0000000000;0.1350841973;0.1606443933;0.0000000000;0.0000000000;0.0000000000;0.0000000000;0.0000000000;0.0000000000;76.8269867766;-218.4395838096;91.7535768972;-248.1380970543;179.9541773890;-302.8445728716;217.8258481339;-292.4357770058;-138.9370739358;-311.5604489552;-165.5164289437;-289.0060930847;-46.2945146191;-279.5357760588;-27.6343805398;-307.7011744130
0.0000000000;0.0000000000;0.1076211135;0.1614988285;0.0000000000;0.0000000000;0.0000000000;0.0000000000;0.0000000000;0.0000000000;82.5749997685;-223.9814163368;97.4439107953;-253.9196516179;192.8054315730;-295.3598708165;223.7015244339;-283.6180743234;-129.7133765304;-276.0965466634;-155.7475447137;-254.9041328909;-41.7367385354;-285.8054915436;-22.1157651841;-315.3408528857
0.0000000000;0.0000000000;0.1395968411;0.1072579865;0.0000000000;0.0000000000;0.0000000000;0.0000000000;0.0000000000;0.0000000000;82.7690847920;-232.1942783234;105.6985483113;-263.3744904383;NaN;NaN;NaN;NaN;-121.5907626512;-311.3875352095;-139.6298363220;-278.8436047785;-38.6435911799;-290.7718378672;-18.5591120529;-322.6627990719
0.0000000000;0.0000000000;0.1369046838;0.1381252462;0.0000000000;0.0000000000;0.0000000000;0.0000000000;0.0000000000;0.0000000000;89.9617543466;-233.9982426224;111.0881049745;-265.6207650859;NaN;NaN;NaN;NaN;NaN;NaN;NaN;NaN;-29.4446591699;-294.9981220297;-9.6502007279;-328.2598498211
0.0000000000;0.0000000000;0.1138455500;0.1406174830;0.0000000000;0.0000000000;0.0000000000;0.0000000000;0.0000000000;0.0000000000;96.1092126224;-244.7579821391;113.7721082131;-265.4549921701;NaN;NaN;NaN;NaN;NaN;NaN;NaN;NaN;-25.2760343385;-306.5503936379;-2.8936129402;-330.0952195746
0.0000000000;0.0000000000;0.0988293632;0.1557002190;0.0000000000;0.0000000000;0.0000000000;0.0000000000;0.0000000000;0.0000000000;98.7427434122;-250.0245299483;122.6086558645;-273.6689924682;NaN;NaN;NaN;NaN;NaN;NaN;NaN;NaN;-15.4231273466;-310.9289821504;5.4891277282;-337.1738387065
0.0000000000;0.0000000000;0.1129176245;0.1245486845;0.0000000000;0.0000000000;0.0000000000;0.0000000000;0.0000000000;0.0000000000;106.1886532354;-252.7591360255;129.3324505009;-277.6878185217;169.1862991188;-307.1920223403;204.0139009462;-305.3226427981;-118.6940975201;-300.2521291313;-133.6704112800;-269.6982666254;-13.0429135388;-315.4202257472;10.9372740734;-336.8420899854
0.0000000000;0.0000000000;0.1296790099;0.1349796630;0.0000000000;0.0000000000;0.0000000000;0.0000000000;0.0000000000;0.0000000000;109.7717767615;-262.1905325574;138.5748630444;-287.0144959594;170.9586998774;-288.1163684010;205.5166946802;-284.9697686777;NaN;NaN;NaN;NaN;-8.6059061269;-319.4844053810;20.4714975332;-343.5906877197
0.0000000000;0.0000000000;0.1156446755;0.1312775295;0.0000000000;0.0000000000;0.0000000000;0.0000000000;0.0000000000;0.0000000000;115.4662419834;-267.0499302489;148.6494377789;-284.2991367932;NaN;NaN;NaN;NaN;NaN;NaN;NaN;NaN;-1.1130456543;-326.4082137556;29.2313326575;-347.8321838923
0.0000000000;0.0000000000;0.1628351258;0.1120037004;0.0000000000;0.0000000000;0.0000000000;0.0000000000;0.0000000000;0.0000000000;126.0635431268;-268.9773436750;158.3431612370;-287.9880194144;195.6963845648;-297.4618126336;229.3117060406;-304.9392170027;NaN;NaN;NaN;NaN;5.1509766760;-328.2518933984;36.0376130252;-349.6956451959
0.0000000000;0.0000000000;0.1377543729;0.1523800607;0.0000000000;0.0000000000;0.0000000000;0.0000000000;0.0000000000;0.0000000000;129.7894334342;-272.3344677465;160.6502071579;-291.7012194247;180.6528997283;-299.3633309476;213.9140728978;-303.8648646545;NaN;NaN;NaN;NaN;8.9543590778;-329.0457697681;43.9220909861;-353.6721772380
0.0000000000;0.0000000000;0.1114126836;0.1224939637;0.0000000000;0.0000000000;0.0000000000;0.0000000000;0.0000000000;0.0000000000;141.3503356961;-279.4984200002;172.6886207272;-291.9338359630;NaN;NaN;NaN;NaN;NaN;NaN;NaN;NaN;17.5656864206;-340.0901229069;52.7216780952;-350.0576244536
0.0000000000;0.0000000000;0.1215948254;0.1472104650;0.0000000000;0.0000000000;0.0000000000;0.0000000000;0.0000000000;0.0000000000;145.9134957218;-280.2183444817;179.1550051493;-292.1909600247;160.2520207884;-303.5611002042;190.7151049259;-288.4777498197;-117.9849704587;-301.2661028493;-145.5685874889;-269.9046317461;25.1192016382;-337.9027778859;60.7798445247;-355.3642998914
0.0000000000;0.0000000000;0.1240869389;0.1734038938;0.0000000000;0.0000000000;0.0000000000;0.0000000000;0.0000000000;0.0000000000;152.1586964601;-283.6009849254;187.9075536547;-291.5375461851;NaN;NaN;NaN;NaN;-130.4297502139;-299.2589998553;-157.6781350000;-273.0817098069;39.8065900425;-345.1368845660;64.8824389029;-359.0374491808
0.0000000000;0.0000000000;0.1280554129;0.1128938941;0.0000000000;0.0000000000;0.0000000000;0.0000000000;0.0000000000;0.0000000000;162.1274301521;-285.6512920623;195.3049880583;-293.7586906175;NaN;NaN;NaN;NaN;NaN;NaN;NaN;NaN;42.7649021955;-346.1568204604;75.7959307424;-355.4717309041
0.0000000000;0.0000000000;0.1037647293;0.1476002720;0.0000000000;0.0000000000;0.0000000000;0.0000000000;0.0000000000;0.0000000000;170.8655788505;-286.7451012857;204.5678251182;-291.6278472696;NaN;NaN;NaN;NaN;-120.6472918106;-298.3518426622;-146.4923511181;-280.4246315629;45.5687050111;-345.0358280793;81.6242183490;-355.4646324296
0.0000000000;0.0000000000;0.1180717020;0.1975422223;0.0000000000;0.0000000000;0.0000000000;0.0000000000;0.0000000000;0.0000000000;180.0688575648;-289.1671841232;215.1105585087;-294.6385998352;NaN;NaN;NaN;NaN;NaN;NaN;NaN;NaN;57.5659061342;-347.1888077975;92.6643957392;-353.7325809744
0.0000000000;0.0000000000;0.1356313596;0.1692645475;0.0000000000;0.0000000000;0.0000000000;0.0000000000;0.0000000000;0.0000000000;182.9156760835;-286.4044926300;221.4002199200;-289.8618735827;172.0469313616;-289.0056265428;199.7473395549;-302.8823944868;-112.4984155311;-311.3912179225;-142.7371687906;-282.2978558715;64.2862343184;-353.3499199589;99.5891955350;-350.7975771367
0.0000000000;0.0000000000;0.1288474108;0.1745642937;0.0000000000;0.0000000000;0.0000000000;0.0000000000;0.0000000000;0.0000000000;196.4252818471;-293.0323409327;229.0408302513;-292.7458082879;NaN;NaN;NaN;NaN;NaN;NaN;NaN;NaN;69.7465802121;-350.1897478493;112.2539699877;-347.9128372577
0.0000000000;0.0000000000;0.1300083777;0.1420691933;0.0000000000;0.0000000000;0.0000000000;0.0000000000;0.0000000000;0.0000000000;201.2676537159;-288.5218573909;235.7675238791;-291.8943342537;NaN;NaN;NaN;NaN;NaN;NaN;NaN;NaN;81.7589914977;-352.0035949214;119.2140743112;-348.7145359405
0.0000000000;0.0000000000;0.1647121149;0.1236371443;0.0000000000;0.0000000000;0.0000000000;0.0000000000;0.0000000000;0.0000000000;209.8555515228;-290.4868720833;245.4205550738;-287.6729952381;175.5741513892;-329.5549974676;210.5814731353;-337.4872833865;-118.0788208673;-315.7230494346;-147.9355181743;-288.3116201337;88.5808343452;-349.4307702190;127.8662203302;-348.3992500491
0.0000000000;0.0000000000;0.1233838718;0.0938744440;0.0000000000;0.0000000000;0.0000000000;0.0000000000;0.0000000000;0.0000000000;215.7768898962;-288.8756362026;253.4339911906;-282.9175866150;163.1022053142;-309.1864608321;199.0399487709;-307.2342605780;-137.7888999046;-295.4580543739;-171.3787750941;-282.4294032059;99.8780726343;-349.7182592190;130.7881429769;-344.4332670482
0.0000000000;0.0000000000;0.1090497336;0.1678145922;0.0000000000;0.0000000000;0.0000000000;0.0000000000;0.0000000000;0.0000000000;226.5609402699;-291.0874146265;260.2553532579;-278.9292670383;186.2394770801;-313.0230165230;216.9270550483;-326.0591491468;-124.5364465739;-307.5159258341;-152.6528416311;-286.7404271123;106.4072340246;-345.9515422469;142.5849518487;-341.6873838648
0.0000000000;0.0000000000;0.1219654922;0.1674088648;0.0000000000;0.0000000000;0.0000000000;0.0000000000;0.0000000000;0.0000000000;234.0795177793;-282.6860074542;268.1954331359;-276.3559476447;181.9468259025;-296.9200269154;215.8091728389;-310.9957420095;NaN;NaN;NaN;NaN;114.5035434649;-343.8162474388;146.7769939000;-332.2707732679
0.0000000000;0.0000000000;0.1304901669;0.1605952426;0.0000000000;0.0000000000;0.0000000000;0.0000000000;0.0000000000;0.0000000000;238.7010939421;-285.1213747189;275.9780620231;-268.9377385070;200.4965561411;-337.9255115909;235.6623553414;-346.0146594220;NaN;NaN;NaN;NaN;118.1739704922;-341.1365565252;155.6139968143;-333.1694935207
0.0000000000;0.0000000000;0.1536944648;0.1760137125;0.0000000000;0.0000000000;0.0000000000;0.0000000000;0.0000000000;0.0000000000;249.2707774790;-282.2191519066;283.4576784244;-268.8546758017;NaN;NaN;NaN;NaN;-108.9080032945;-298.4204794123;-145.3769664846;-287.1073079400;125.7915577126;-343.8079501678;162.8375911579;-328.7941047326
0.0000000000;0.0000000000;0.1367338450;0.1497362374;0.0000000000;0.0000000000;0.0000000000;0.0000000000;0.0000000000;0.0000000000;258.4633964642;-274.6097682375;295.5488116665;-261.1259214097;187.7596898036;-299.1270690892;220.9574884455;-309.8998293904;-147.2147156731;-295.2582052387;-163.0781859232;-264.3532059303;137.9466301218;-338.5550844176;175.6945990251;-323.8743084623
0.0000000000;0.0000000000;0.1563719749;0.1575668861;0.0000000000;0.0000000000;0.0000000000;0.0000000000;0.0000000000;0.0000000000;263.7690245146;-274.3338704920;299.6807285389;-259.7097429480;NaN;NaN;NaN;NaN;-104.6561893662;-302.1482888339;-114.0663481844;-264.8496806922;151.2718812449;-334.9219985063;177.2967718433;-322.7775453342
0.0000000000;0.0000000000;0.1658169578;0.2269556490;0.0000000000;0.0000000000;0.0000000000;0.0000000000;0.0000000000;0.0000000000;276.6514332684;-270.6117288245;310.1101157106;-258.7623587999;161.5164613384;-302.8673842125;192.9209217280;-298.4721016495;-122.3025633098;-300.2491536769;-149.5842714484;-268.4515143304;152.4182260142;-329.6538221288;191.6679535025;-321.6171051346
0.0000000000;0.0000000000;0.1710750181;0.1351647734;0.0000000000;0.0000000000;0.0000000000;0.0000000000;0.0000000000;0.0000000000;280.6668672496;-268.3323791071;315.4179374643;-256.5655980987;NaN;NaN;NaN;NaN;NaN;NaN;NaN;NaN;163.6367659344;-325.3214857035;196.7627025149;-317.4676222980
0.0000000000;0.0000000000;0.1357277964;0.1306269514;0.0000000000;0.0000000000;0.0000000000;0.0000000000;0.0000000000;0.0000000000;291.8605078228;-262.9170240148;325.1876488519;-248.9159499010;180.2804571121;-304.6671395659;217.0778507555;-320.7100801865;-113.0617592562;-317.7409848481;-138.8056922571;-287.0727627518;173.2498157574;-323.0768855359;206.4766987051;-313.2870204187
0.0000000000;0.0000000000;0.1620647293;0.1523587310;0.0000000000;0.0000000000;0.0000000000;0.0000000000;0.0000000000;0.0000000000;300.6741501556;-266.1487027003;337.3347173898;-250.7837684139;191.4128910002;-289.9775657154;225.0579806907;-296.2582812522;NaN;NaN;NaN;NaN;182.4140243359;-320.0603445951;214.4384738544;-309.1457814359
0.0000000000;0.0000000000;0.1217904477;0.1616405116;0.0000000000;0.0000000000;0.0000000000;0.0000000000;0.0000000000;0.0000000000;310.0255970518;-261.0007162639;339.0573160000;-246.9131462721;NaN;NaN;NaN;NaN;NaN;NaN;NaN;NaN;183.8476033889;-321.7060569986;225.9171986956;-303.3588187205
0.0000000000;0.0000000000;0.1595545844;0.1238399544;0.0000000000;0.0000000000;0.0000000000;0.0000000000;0.0000000000;0.0000000000;317.8609510669;-256.0902733215;351.0488645986;-245.8347535006;NaN;NaN;NaN;NaN;-116.4745671697;-298.2836379735;-141.0479963339;-275.0323523544;197.6409280320;-314.4345606650;234.0718862731;-300.3483659793
0.0000000000;0.0000000000;0.1352087530;0.1312175775;0.0000000000;0.0000000000;0.0000000000;0.0000000000;0.0000000000;0.0000000000;325.4805174172;-256.1754170937;359.6414939233;-240.9049803534;190.7361013896;-297.0392479133;222.7018115252;-310.0945851691;NaN;NaN;NaN;NaN;209.0270823366;-313.7443827486;237.9056242464;-298.9443299386
0.0000000000;0.0000000000;0.1617137495;0.1682446952;0.0000000000;0.0000000000;0.0000000000;0.0000000000;0.0000000000;0.0000000000;333.4413813502;-251.3526611253;368.0531348801;-236.7646401846;NaN;NaN;NaN;NaN;-123.2271934206;-288.9754946365;-158.0099225116;-275.6747593256;216.4663912923;-310.7603636623;246.4228969658;-298.3880962877
0.0000000000;0.0000000000;0.1467580445;0.1208409856;0.0000000000;0.0000000000;0.0000000000;0.0000000000;0.0000000000;0.0000000000;341.8452422493;-248.6459860588;376.2898695615;-237.1065481101;186.8176236260;-285.2677413762;221.8915315467;-282.2659151327;-151.0295007268;-285.9507325286;-185.1534816243;-269.3670309542;221.8766865152;-305.4903444894;255.2654780363;-293.8903058984
0.0000000000;0.0000000000;0.1201537481;0.1447973047;0.0000000000;0.0000000000;0.0000000000;0.0000000000;0.0000000000;0.0000000000;349.2532700124;-243.1533354279;384.7081911024;-230.0071062647;195.1600019718;-300.3524576160;233.5007513110;-304.2953226328;-114.2409100023;-280.2117517413;-145.5050734151;-260.1711591066;231.5880231731;-303.7476336498;265.8984677319;-292.9551712499
0.0000000000;0.0000000000;0.1344748171;0.1787542327;0.0000000000;0.0000000000;0.0000000000;0.0000000000;0.0000000000;0.0000000000;354.2804640529;-243.2758736688;390.9199854620;-225.1433011384;NaN;NaN;NaN;NaN;NaN;NaN;NaN;NaN;237.7218407031;-301.8224624072;270.4755331847;-284.2507774626
0.0000000000;0.0000000000;0.1461522982;0.1217658204;0.0000000000;0.0000000000;0.0000000000;0.0000000000;0.0000000000;0.0000000000;365.7252441695;-240.1982993696;397.5356913559;-215.9096328711;170.4394695577;-303.4509629983;205.4259767326;-313.9980813898;NaN;NaN;NaN;NaN;246.0324612075;-292.0872493441;281.5249109894;-282.2926910128
0.0000000000;0.0000000000;0.1201204707;0.1359588512;0.0000000000;0.0000000000;0.0000000000;0.0000000000;0.0000000000;0.0000000000;372.9211541505;-234.2384942692;404.3956034270;-211.6624146804;179.0537870843;-303.9250651250;210.0730279113;-299.5620269987;NaN;NaN;NaN;NaN;251.2302610021;-290.8758975830;282.8465254911;-275.4238727732
0.0000000000;0.0000000000;0.1557095203;0.1444695220;0.0000000000;0.0000000000;0.0000000000;0.0000000000;0.0000000000;0.0000000000;377.3220872744;-230.2125518657;409.5243614699;-210.4139793451;186.4684247026;-320.2375287865;217.2254367499;-330.2822372702;-118.6475811239;-292.7345499645;-151.2753191549;-272.2289123540;261.9619053163;-288.2454591709;290.7640035228;-270.9160249066
0.0000000000;0.0000000000;0.1448279318;0.1697936109;0.0000000000;0.0000000000;0.0000000000;0.0000000000;0.0000000000;0.0000000000;388.6247843776;-226.1584425940;418.7669339819;-200.2241154555;NaN;NaN;NaN;NaN;-101.3705921648;-327.4108501043;-119.6620478745;-303.0880145427;269.2710985969;-284.8670525636;296.3995695041;-263.5450708301
0.0000000000;0.0000000000;0.1878315741;0.1609219072;0.0000000000;0.0000000000;0.0000000000;0.0000000000;0.0000000000;0.0000000000;397.7213659876;-217.4269552899;425.4045258236;-201.4721606233;188.2805916175;-299.3408847920;220.3904161529;-297.5225042123;NaN;NaN;NaN;NaN;274.3040841607;-275.6348157365;301.5086654584;-260.3702202533
0.0000000000;0.0000000000;0.1449021844;0.1469165260;0.0000000000;0.0000000000;0.0000000000;0.0000000000;0.0000000000;0.0000000000;402.2604279698;-217.0070179829;430.9438391319;-192.4101268357;166.7735371700;-301.6878966002;201.0658510344;-307.2562757348;-152.7393931133;-292.2385219613;-169.2564476608;-267.9129650561;280.5480820508;-268.3809872446;317.7963171499;-255.7044982518
0.0000000000;0.0000000000;0.1548453964;0.1876291544;0.0000000000;0.0000000000;0.0000000000;0.0000000000;0.0000000000;0.0000000000;406.7492432582;-211.0036756442;443.7082844270;-189.5839066887;NaN;NaN;NaN;NaN;-92.2177139964;-294.2343660097;-125.0871712607;-273.5848253133;286.2351775733;-267.2795870327;321.1673357962;-250.4763217765
0.0000000000;0.0000000000;0.1398248701;0.1558999046;0.0000000000;0.0000000000;0.0000000000;0.0000000000;0.0000000000;0.0000000000;416.8197780185;-203.1743562019;450.0083439242;-180.5413148932;NaN;NaN;NaN;NaN;NaN;NaN;NaN;NaN;294.9254852688;-259.7991533086;328.7599600939;-239.1352440451
0.0000000000;0.0000000000;0.1673867498;0.1253411703;0.0000000000;0.0000000000;0.0000000000;0.0000000000;0.0000000000;0.0000000000;423.5556717658;-198.9556749675;457.5299413385;-178.8124145564;184.3208707526;-308.9048609573;221.1255998119;-303.3737654968;NaN;NaN;NaN;NaN;303.3517307449;-260.1324919812;335.3655006667;-232.9355019932
0.0000000000;0.0000000000;0.1281038728;0.1787330081;0.0000000000;0.0000000000;0.0000000000;0.0000000000;0.0000000000;0.0000000000;432.5617561991;-191.5972709612;466.5974891198;-174.3544585654;NaN;NaN;NaN;NaN;NaN;NaN;NaN;NaN;312.4005994679;-255.3736338078;343.8928079342;-239.2256419933
0.0000000000;0.0000000000;0.1578031852;0.1646868862;0.0000000000;0.0000000000;0.0000000000;0.0000000000;0.0000000000;0.0000000000;438.0434652237;-186.7234953003;470.3669720341;-170.5370412984;183.8904122550;-302.0075811286;218.6250486200;-306.5190612988;-110.2280070075;-296.3001898695;-128.7930811169;-264.6370990694;321.5871847694;-247.8907270685;349.3877259810;-228.2430245681
0.0000000000;0.0000000000;0.1466060491;0.1466854443;0.0000000000;0.0000000000;0.0000000000;0.0000000000;0.0000000000;0.0000000000;447.5453630125;-182.7523523554;481.2931129088;-163.2877573705;NaN;NaN;NaN;NaN;NaN;NaN;NaN;NaN;326.7860121256;-243.3632739593;359.8883114766;-223.0630344528
0.0000000000;0.0000000000;0.1747063023;0.1556503485;0.0000000000;0.0000000000;0.0000000000;0.0000000000;0.0000000000;0.0000000000;456.1987220819;-181.8295910438;487.7469102596;-161.4594761940;183.9192560848;-288.1321805126;213.6002868175;-284.7059349928;NaN;NaN;NaN;NaN;335.1189511203;-238.0255767998;365.6042427028;-217.1587785326
0.0000000000;0.0000000000;0.1379280419;0.1850895552;0.0000000000;0.0000000000;0.0000000000;0.0000000000;0.0000000000;0.0000000000;464.4583739511;-172.4736735702;494.2305232894;-155.8489623177;NaN;NaN;NaN;NaN;NaN;NaN;NaN;NaN;339.0984746353;-235.0598194544;371.0193866741;-214.3797619495
0.0000000000;0.0000000000;0.1692701188;0.1620233634;0.0000000000;0.0000000000;0.0000000000;0.0000000000;0.0000000000;0.0000000000;470.9337940992;-168.7247450997;503.4912174985;-151.1934056737;186.2599495953;-310.9356810867;219.4331698317;-306.0016869940;NaN;NaN;NaN;NaN;355.3316701966;-231.4508076615;381.1659889842;-210.4931885247
0.0000000000;0.0000000000;0.1775408992;0.1593423899;0.0000000000;0.0000000000;0.0000000000;0.0000000000;0.0000000000;0.0000000000;479.4440109822;-164.2145857795;506.5539288513;-146.7244759174;179.8604642261;-316.1324744139;212.2060724213;-318.5630055223;-113.9991019598;-301.0801257072;-137.3923144222;-277.0096615993;358.1563904434;-223.8469761434;388.2802891114;-201.8473015369
0.0000000000;0.0000000000;0.1302573299;0.1149252527;0.0000000000;0.0000000000;0.0000000000;0.0000000000;0.0000000000;0.0000000000;489.7236222241;-159.2314791234;516.2409737928;-136.2089910528;NaN;NaN;NaN;NaN;NaN;NaN;NaN;NaN;365.3571300797;-217.1146790518;395.9794610770;-200.4916664075
0.0000000000;0.0000000000;0.1514266354;0.1522938764;0.0000000000;0.0000000000;0.0000000000;0.0000000000;0.0000000000;0.0000000000;494.3627705381;-155.2044291358;520.8042011219;-136.9685765029;NaN;NaN;NaN;NaN;NaN;NaN;NaN;NaN;374.8834695336;-214.2075163024;407.2434564460;-198.0614357229
0.0000000000;0.0000000000;0.1535363290;0.1523502509;0.0000000000;0.0000000000;0.0000000000;0.0000000000;0.0000000000;0.0000000000;497.8027317461;-154.0057454655;528.9069538054;-128.5062740115;171.4010740643;-305.6796648183;203.4923978193;-321.2562284833;NaN;NaN;NaN;NaN;383.4147644231;-214.0974303844;411.2306671497;-189.0743252503
0.0000000000;0.0000000000;0.1407395418;0.1598744482;0.0000000000;0.0000000000;0.0000000000;0.0000000000;0.0000000000;0.0000000000;505.8910422873;-145.1255084050;540.0118853149;-125.1683056824;186.5640339889;-284.8513245826;216.5860495083;-299.5409161617;NaN;NaN;NaN;NaN;388.1006398846;-204.4728395170;416.5986746693;-185.0959957648
0.0000000000;0.0000000000;0.1522596279;0.1412884959;0.0000000000;0.0000000000;0.0000000000;0.0000000000;0.0000000000;0.0000000000;515.6590521202;-140.8980423650;542.1386958075;-119.0615901339;170.4236630802;-297.7635222881;202.1799538076;-318.5413239897;-123.9465215452;-321.1718437060;-149.4675098513;-296.1969079423;393.0382295855;-200.5956296654;423.1081594682;-179.5092674480
0.0000000000;0.0000000000;0.1043780914;0.1776652845;0.0000000000;0.0000000000;0.0000000000;0.0000000000;0.0000000000;0.0000000000;519.9193902487;-134.9437732623;548.7778911086;-115.3726252757;NaN;NaN;NaN;NaN;-125.0835176407;-287.8423897200;-147.9430516499;-271.0619979960;404.3398848941;-195.8012937054;429.5492512147;-174.6551064366
0.0000000000;0.0000000000;0.1224274628;0.1389271892;0.0000000000;0.0000000000;0.0000000000;0.0000000000;0.0000000000;0.0000000000;528.4732939325;-128.0065775449;555.0021910798;-111.9286426354;NaN;NaN;NaN;NaN;-130.6151094113;-281.4947163942;-160.8498418665;-259.6591171727;410.8869290624;-192.3120150080;435.0152457355;-166.1769092565
0.0000000000;0.0000000000;0.1562217286;0.1747089389;0.0000000000;0.0000000000;0.0000000000;0.0000000000;0.0000000000;0.0000000000;537.4804140376;-123.5580528383;561.1494793690;-105.8591188507;173.6704032532;-314.3194963831;204.3449892715;-326.0450848528;-122.2551492295;-313.1091309444;-147.6075506992;-290.6094436900;415.7088817692;-184.5651142228;444.1972917298;-162.2799814490
0.0000000000;0.0000000000;0.1547511366;0.1805621872;0.0000000000;0.0000000000;0.0000000000;0.0000000000;0.0000000000;0.0000000000;543.6430691129;-123.2288605058;567.8660547760;-94.6284686929;197.5167179953;-301.3219377712;230.0624468263;-317.0661949747;NaN;NaN;NaN;NaN;424.7018255542;-179.1353515520;452.9674913054;-156.3235368772
0.0000000000;0.0000000000;0.1310288233;0.1324428615;0.0000000000;0.0000000000;0.0000000000;0.0000000000;0.0000000000;0.0000000000;544.6855176743;-111.6431524769;574.7105970559;-89.1759253963;NaN;NaN;NaN;NaN;-121.3994993350;-319.9281905038;-139.4938124737;-294.0102676411;429.4922693755;-172.6188017734;458.5128268571;-148.5170032365
0.0000000000;0.0000000000;0.1561128401;0.1424779739;0.0000000000;0.0000000000;0.0000000000;0.0000000000;0.0000000000;0.0000000000;555.7916974003;-106.3256219338;582.5885703893;-82.7710175028;178.1720051434;-279.1383462313;217.0266696243;-276.3195841785;-133.6201097994;-292.6634249717;-161.8987015730;-274.2083159992;437.3769942447;-167.1202217159;463.0310688203;-142.5452641494
0.0000000000;0.0000000000;0.1327180062;0.1353256992;0.0000000000;0.0000000000;0.0000000000;0.0000000000;0.0000000000;0.0000000000;562.9329815044;-100.7829168150;586.5106755346;-79.5047301038;NaN;NaN;NaN;NaN;-113.1394674962;-281.8971242743;-141.0078774559;-260.0613010546;445.2845115097;-163.7717304102;469.5654376017;-136.7568413948
0.0000000000;0.0000000000;0.1285261630;0.1531424720;0.0000000000;0.0000000000;0.0000000000;0.0000000000;0.0000000000;0.0000000000;574.6888312293;-96.6757436323;593.0799294038;-70.4686772671;194.1388085061;-308.6640794117;226.1099221152;-319.1260686463;NaN;NaN;NaN;NaN;449.1165748307;-153.5863135949;476.2623332147;-135.0995206831
0.0000000000;0.0000000000;0.1273382421;0.1486064781;0.0000000000;0.0000000000;0.0000000000;0.0000000000;0.0000000000;0.0000000000;579.1581132417;-88.3542956946;605.5559346142;-68.3565193194;NaN;NaN;NaN;NaN;-119.3245096845;-293.2102145939;-151.1870975919;-280.3039376624;459.8787097003;-148.8082934118;482.9083928601;-122.5810770175
0.0000000000;0.0000000000;0.1867827400;0.1676330345;0.0000000000;0.0000000000;0.0000000000;0.0000000000;0.0000000000;0.0000000000;584.9464155327;-82.0765710233;611.1380536273;-59.2974291371;163.4395603358;-302.8878138073;198.9567286119;-302.5112345032;NaN;NaN;NaN;NaN;459.7876830525;-142.7500469511;487.5266309256;-122.2974813836
0.0000000000;0.0000000000;0.1414461374;0.1566488772;0.0000000000;0.0000000000;0.0000000000;0.0000000000;0.0000000000;0.0000000000;588.7635028341;-76.9917083760;615.1247370379;-52.6263675890;172.5612504411;-315.9635383833;204.8460948765;-316.1454436122;NaN;NaN;NaN;NaN;468.3421336982;-135.9446107383;493.9255524858;-115.0364635233
0.0000000000;0.0000000000;0.1380579237;0.1888599158;0.0000000000;0.0000000000;0.0000000000;0.0000000000;0.0000000000;0.0000000000;598.9265822144;-73.5303986400;621.5134351293;-50.4197612766;NaN;NaN;NaN;NaN;NaN;NaN;NaN;NaN;475.1308656704;-132.3619728176;504.4142713470;-107.6181431325
0.0000000000;0.0000000000;0.1463714610;0.1428991989;0.0000000000;0.0000000000;0.0000000000;0.0000000000;0.0000000000;0.0000000000;601.9520593603;-71.1423942362;628.5385101091;-41.4430659393;174.0376690395;-279.9443297784;212.6547934748;-281.2643071226;-121.4626879506;-284.0701172014;-138.7551543183;-257.0824975618;482.4269671242;-122.2509526094;510.0094421330;-98.3453397234
0.0000000000;0.0000000000;0.1367763708;0.1490673215;0.0000000000;0.0000000000;0.0000000000;0.0000000000;0.0000000000;0.0000000000;609.8370865615;-59.0416246259;634.9447129006;-40.5096603734;NaN;NaN;NaN;NaN;-110.1594890994;-288.0102749662;-143.2764914042;-267.3214070011;490.6533606503;-120.0039238295;513.2289051769;-96.5683552128
